# Frecuencia de muestreo: 8000 Hz
44.000000
12.000000
-27.000000
-33.000000
-22.000000
-28.000000
-74.000000
-121.000000
-126.000000
-120.000000
-83.000000
-44.000000
-35.000000
-39.000000
-49.000000
-45.000000
-36.000000
-20.000000
-30.000000
-43.000000
-40.000000
-59.000000
-75.000000
-105.000000
-147.000000
-180.000000
-191.000000
-198.000000
-211.000000
-258.000000
-291.000000
-254.000000
-221.000000
-176.000000
-105.000000
-54.000000
-18.000000
19.000000
53.000000
80.000000
89.000000
85.000000
70.000000
56.000000
69.000000
84.000000
55.000000
-5.000000
-40.000000
-49.000000
-28.000000
-5.000000
-21.000000
-71.000000
-149.000000
-192.000000
-205.000000
-211.000000
-181.000000
-179.000000
-209.000000
-212.000000
-198.000000
-163.000000
-99.000000
-34.000000
2.000000
41.000000
52.000000
97.000000
194.000000
261.000000
295.000000
307.000000
256.000000
169.000000
104.000000
47.000000
-3.000000
-45.000000
-68.000000
-73.000000
-117.000000
-199.000000
-272.000000
-331.000000
-365.000000
-378.000000
-406.000000
-435.000000
-445.000000
-428.000000
-366.000000
-262.000000
-152.000000
-83.000000
5.000000
74.000000
177.000000
355.000000
466.000000
487.000000
447.000000
364.000000
344.000000
417.000000
440.000000
348.000000
198.000000
40.000000
-60.000000
-62.000000
-26.000000
-18.000000
-35.000000
-103.000000
-201.000000
-349.000000
-481.000000
-535.000000
-511.000000
-485.000000
-524.000000
-584.000000
-619.000000
-578.000000
-357.000000
117.000000
534.000000
737.000000
689.000000
392.000000
130.000000
155.000000
302.000000
410.000000
347.000000
111.000000
-79.000000
-68.000000
19.000000
100.000000
173.000000
199.000000
211.000000
194.000000
34.000000
-164.000000
-226.000000
-231.000000
-204.000000
-184.000000
-258.000000
-358.000000
-416.000000
-506.000000
-558.000000
-573.000000
-507.000000
-417.000000
-306.000000
-23.000000
404.000000
699.000000
575.000000
143.000000
-210.000000
-141.000000
214.000000
414.000000
258.000000
-93.000000
-339.000000
-243.000000
-7.000000
85.000000
149.000000
236.000000
235.000000
94.000000
-149.000000
-325.000000
-292.000000
-148.000000
46.000000
59.000000
-191.000000
-446.000000
-550.000000
-561.000000
-558.000000
-611.000000
-711.000000
-803.000000
-706.000000
-243.000000
421.000000
846.000000
663.000000
80.000000
-345.000000
-239.000000
283.000000
656.000000
515.000000
141.000000
-69.000000
8.000000
265.000000
469.000000
585.000000
745.000000
711.000000
424.000000
81.000000
-187.000000
-215.000000
25.000000
150.000000
153.000000
-50.000000
-470.000000
-759.000000
-840.000000
-1044.000000
-1167.000000
-1131.000000
-949.000000
131.000000
1470.000000
1582.000000
591.000000
-558.000000
-1029.000000
-115.000000
1091.000000
1169.000000
415.000000
-349.000000
-503.000000
8.000000
332.000000
258.000000
267.000000
382.000000
572.000000
498.000000
-105.000000
-570.000000
-466.000000
-12.000000
446.000000
474.000000
83.000000
-172.000000
-229.000000
-179.000000
-63.000000
-28.000000
103.000000
387.000000
430.000000
266.000000
91.000000
-121.000000
-58.000000
121.000000
92.000000
31.000000
30.000000
65.000000
234.000000
292.000000
74.000000
-55.000000
-70.000000
2.000000
98.000000
61.000000
-46.000000
-20.000000
34.000000
25.000000
22.000000
-2.000000
68.000000
156.000000
116.000000
11.000000
-37.000000
-24.000000
38.000000
82.000000
104.000000
84.000000
-45.000000
-166.000000
-231.000000
-355.000000
-499.000000
-675.000000
-685.000000
-316.000000
266.000000
579.000000
447.000000
81.000000
-227.000000
-131.000000
221.000000
436.000000
459.000000
383.000000
226.000000
48.000000
-31.000000
24.000000
280.000000
545.000000
657.000000
561.000000
226.000000
-192.000000
-481.000000
-563.000000
-396.000000
-132.000000
11.000000
14.000000
-191.000000
-970.000000
-1815.000000
-2133.000000
-1876.000000
169.000000
2548.000000
2488.000000
684.000000
-1148.000000
-1833.000000
-257.000000
1524.000000
1346.000000
158.000000
-940.000000
-1076.000000
-29.000000
515.000000
245.000000
122.000000
129.000000
418.000000
778.000000
343.000000
-141.000000
-76.000000
264.000000
739.000000
822.000000
590.000000
323.000000
-31.000000
-295.000000
-400.000000
-352.000000
104.000000
504.000000
421.000000
194.000000
6.000000
-60.000000
183.000000
322.000000
161.000000
101.000000
134.000000
209.000000
314.000000
215.000000
-19.000000
-112.000000
-41.000000
91.000000
117.000000
-102.000000
-114.000000
9.000000
-106.000000
-106.000000
-104.000000
-209.000000
-114.000000
-151.000000
-300.000000
-202.000000
-64.000000
113.000000
331.000000
342.000000
445.000000
551.000000
321.000000
-60.000000
-214.000000
-16.000000
420.000000
536.000000
229.000000
-203.000000
-366.000000
-166.000000
138.000000
119.000000
-227.000000
-482.000000
-468.000000
-241.000000
85.000000
354.000000
429.000000
317.000000
41.000000
-285.000000
-388.000000
-261.000000
6.000000
384.000000
632.000000
636.000000
502.000000
265.000000
-40.000000
-227.000000
-182.000000
74.000000
297.000000
300.000000
76.000000
-279.000000
-562.000000
-628.000000
-472.000000
-284.000000
-108.000000
57.000000
105.000000
134.000000
176.000000
230.000000
321.000000
373.000000
360.000000
231.000000
-1.000000
-139.000000
-16.000000
299.000000
628.000000
673.000000
428.000000
55.000000
-312.000000
-511.000000
-651.000000
-699.000000
-470.000000
-144.000000
6.000000
-91.000000
-363.000000
-637.000000
-646.000000
-702.000000
-810.000000
-689.000000
-464.000000
-181.000000
149.000000
442.000000
687.000000
869.000000
902.000000
815.000000
668.000000
651.000000
834.000000
939.000000
876.000000
701.000000
378.000000
84.000000
27.000000
89.000000
145.000000
97.000000
-160.000000
-477.000000
-798.000000
-990.000000
-761.000000
-461.000000
-508.000000
-638.000000
-709.000000
-783.000000
-807.000000
-852.000000
-1071.000000
-1296.000000
-1059.000000
-521.000000
461.000000
1580.000000
1785.000000
1208.000000
547.000000
44.000000
276.000000
898.000000
1037.000000
898.000000
708.000000
380.000000
130.000000
0.000000
114.000000
538.000000
824.000000
550.000000
-157.000000
-952.000000
-1181.000000
-644.000000
3.000000
335.000000
95.000000
-618.000000
-1469.000000
-1857.000000
-2041.000000
-1612.000000
-1971.000000
-2420.000000
-3859.000000
147.000000
5607.000000
4978.000000
1386.000000
-2836.000000
-5439.000000
-529.000000
5007.000000
4184.000000
1109.000000
-2366.000000
-3266.000000
141.000000
1823.000000
923.000000
400.000000
-436.000000
150.000000
1686.000000
287.000000
-1275.000000
-1028.000000
-197.000000
2004.000000
2677.000000
495.000000
-944.000000
-1589.000000
-1522.000000
-142.000000
99.000000
62.000000
850.000000
877.000000
304.000000
-1008.000000
-2276.000000
-1389.000000
292.000000
772.000000
513.000000
-633.000000
-1446.000000
-731.000000
-72.000000
-8.000000
172.000000
126.000000
229.000000
357.000000
-282.000000
-704.000000
-448.000000
41.000000
685.000000
976.000000
394.000000
-9.000000
-18.000000
177.000000
393.000000
144.000000
-378.000000
-380.000000
49.000000
426.000000
447.000000
4.000000
-440.000000
-285.000000
-89.000000
-201.000000
-580.000000
-922.000000
-759.000000
-4.000000
231.000000
-198.000000
-548.000000
-747.000000
-535.000000
-329.000000
-648.000000
-791.000000
-567.000000
-611.000000
-779.000000
-843.000000
-454.000000
581.000000
1589.000000
1579.000000
1027.000000
437.000000
138.000000
732.000000
1390.000000
1015.000000
338.000000
-113.000000
50.000000
691.000000
1064.000000
764.000000
40.000000
-688.000000
-915.000000
-708.000000
-561.000000
-166.000000
172.000000
-102.000000
-655.000000
-1248.000000
-1468.000000
-1080.000000
-531.000000
-465.000000
-1087.000000
-1999.000000
-2211.000000
-1726.000000
192.000000
2685.000000
3103.000000
1932.000000
332.000000
-979.000000
-132.000000
1720.000000
2096.000000
1507.000000
494.000000
-341.000000
-17.000000
402.000000
465.000000
762.000000
660.000000
260.000000
-158.000000
-978.000000
-1241.000000
-734.000000
-235.000000
188.000000
-45.000000
-785.000000
-1047.000000
-1007.000000
-1094.000000
-812.000000
-903.000000
-1089.000000
-1420.000000
-2131.000000
-2621.000000
-460.000000
3203.000000
4306.000000
2882.000000
16.000000
-2312.000000
-1053.000000
1828.000000
2550.000000
1756.000000
28.000000
-1165.000000
-454.000000
162.000000
97.000000
541.000000
853.000000
689.000000
543.000000
-54.000000
-544.000000
-207.000000
429.000000
1010.000000
1139.000000
551.000000
-378.000000
-1232.000000
-1469.000000
-1041.000000
-453.000000
-70.000000
-127.000000
-1552.000000
-2572.000000
-3231.000000
-3119.000000
-3495.000000
-248.000000
4908.000000
5081.000000
1992.000000
-1688.000000
-4613.000000
-1513.000000
3726.000000
3714.000000
1014.000000
-2032.000000
-3130.000000
-153.000000
1674.000000
451.000000
-602.000000
-1036.000000
12.000000
3156.000000
3590.000000
801.000000
-930.000000
-1075.000000
910.000000
3477.000000
3415.000000
1707.000000
225.000000
-1297.000000
-1351.000000
-736.000000
86.000000
1540.000000
1128.000000
-1212.000000
-3259.000000
-3907.000000
-2730.000000
-331.000000
-838.000000
-2569.000000
-7360.000000
-1839.000000
7449.000000
7808.000000
3526.000000
-3067.000000
-9114.000000
-1974.000000
6738.000000
5968.000000
1850.000000
-3920.000000
-5743.000000
208.000000
2713.000000
657.000000
-803.000000
-2174.000000
340.000000
5176.000000
4439.000000
279.000000
-2522.000000
-1788.000000
3035.000000
5798.000000
3835.000000
392.000000
-2630.000000
-3339.000000
-1294.000000
-30.000000
2019.000000
3147.000000
746.000000
-3125.000000
-5293.000000
-5603.000000
-1410.000000
123.000000
-653.000000
-5888.000000
-5106.000000
5090.000000
8886.000000
5736.000000
-469.000000
-8159.000000
-5673.000000
4577.000000
6712.000000
3664.000000
-1937.000000
-5821.000000
-1586.000000
2974.000000
2089.000000
426.000000
-1652.000000
-1285.000000
3699.000000
5984.000000
1690.000000
-2674.000000
-3467.000000
526.000000
5694.000000
6175.000000
2270.000000
-1945.000000
-4169.000000
-3532.000000
-1475.000000
567.000000
2873.000000
1602.000000
-2256.000000
-5216.000000
-6048.000000
-3553.000000
-1177.000000
-1402.000000
-7492.000000
-674.000000
8143.000000
8047.000000
4930.000000
-3275.000000
-10248.000000
-1406.000000
6641.000000
6426.000000
3717.000000
-3914.000000
-5925.000000
242.000000
2009.000000
2030.000000
1159.000000
-2276.000000
-58.000000
4480.000000
3429.000000
1893.000000
-1530.000000
-3077.000000
1674.000000
4473.000000
4554.000000
3082.000000
-1959.000000
-3893.000000
-2511.000000
-2217.000000
1211.000000
3031.000000
-344.000000
-2885.000000
-5033.000000
-5608.000000
-1403.000000
-1194.000000
-3166.000000
-8493.000000
-3535.000000
8190.000000
10437.000000
5396.000000
-2921.000000
-10723.000000
-3891.000000
7109.000000
7467.000000
3486.000000
-3211.000000
-6032.000000
-72.000000
3075.000000
1749.000000
431.000000
-1811.000000
-7.000000
6005.000000
4402.000000
92.000000
-1360.000000
-2114.000000
1940.000000
5608.000000
4041.000000
1799.000000
-773.000000
-3405.000000
-2746.000000
-2049.000000
596.000000
3355.000000
595.000000
-3840.000000
-5652.000000
-5808.000000
-1236.000000
402.000000
-1874.000000
-7191.000000
-8875.000000
4073.000000
12718.000000
9247.000000
1430.000000
-8465.000000
-9151.000000
3787.000000
8933.000000
5214.000000
-767.000000
-6175.000000
-3212.000000
3040.000000
2166.000000
-235.000000
-1841.000000
-1466.000000
3967.000000
6096.000000
1810.000000
-1870.000000
-3941.000000
-1010.000000
4666.000000
5938.000000
3727.000000
592.000000
-3018.000000
-3899.000000
-3199.000000
-1282.000000
2677.000000
3008.000000
-798.000000
-3866.000000
-6637.000000
-4310.000000
-1394.000000
-1829.000000
-5914.000000
-8750.000000
2661.000000
12021.000000
9599.000000
2018.000000
-7935.000000
-9760.000000
2773.000000
8985.000000
5868.000000
-213.000000
-6317.000000
-3682.000000
3097.000000
3055.000000
522.000000
-1986.000000
-2509.000000
3041.000000
6719.000000
3439.000000
-802.000000
-4056.000000
-1848.000000
3988.000000
6007.000000
4213.000000
761.000000
-3148.000000
-4075.000000
-3680.000000
-2075.000000
2140.000000
2737.000000
-871.000000
-3797.000000
-6458.000000
-4513.000000
-694.000000
-1526.000000
-5122.000000
-9755.000000
-1671.000000
11108.000000
11796.000000
4354.000000
-5225.000000
-10728.000000
-923.000000
8629.000000
7225.000000
1687.000000
-4555.000000
-4727.000000
1682.000000
2995.000000
698.000000
-1358.000000
-2180.000000
1420.000000
6152.000000
4667.000000
108.000000
-3755.000000
-3067.000000
2211.000000
6043.000000
5077.000000
1282.000000
-2268.000000
-3988.000000
-3333.000000
-1681.000000
1633.000000
3101.000000
492.000000
-3046.000000
-5672.000000
-5330.000000
-1681.000000
-2023.000000
-4520.000000
-10709.000000
-5661.000000
10196.000000
14133.000000
7478.000000
-2679.000000
-12672.000000
-5897.000000
7639.000000
8938.000000
4591.000000
-2770.000000
-6413.000000
-59.000000
3160.000000
916.000000
-727.000000
-2354.000000
492.000000
6524.000000
6066.000000
780.000000
-3965.000000
-4996.000000
1016.000000
6656.000000
6899.000000
3191.000000
-1445.000000
-4788.000000
-4459.000000
-2853.000000
698.000000
4043.000000
2303.000000
-1936.000000
-5332.000000
-6996.000000
-3099.000000
-1310.000000
-2908.000000
-8235.000000
-9345.000000
5267.000000
14320.000000
10011.000000
1164.000000
-10257.000000
-10354.000000
4103.000000
9235.000000
5985.000000
-552.000000
-6942.000000
-3457.000000
2546.000000
1414.000000
-50.000000
-1705.000000
-1114.000000
4315.000000
6145.000000
2884.000000
-1847.000000
-5139.000000
-1210.000000
5105.000000
7360.000000
5536.000000
536.000000
-3799.000000
-4503.000000
-3676.000000
-995.000000
3643.000000
3296.000000
-163.000000
-4551.000000
-7587.000000
-5415.000000
-1248.000000
-2646.000000
-5102.000000
-11609.000000
-3644.000000
12549.000000
12827.000000
5375.000000
-4711.000000
-13115.000000
-2539.000000
9479.000000
8053.000000
3379.000000
-4522.000000
-6822.000000
847.000000
3058.000000
933.000000
499.000000
-1328.000000
1518.000000
6953.000000
4120.000000
-1380.000000
-4543.000000
-4120.000000
2923.000000
7659.000000
5545.000000
2256.000000
-1922.000000
-5417.000000
-4176.000000
-3327.000000
827.000000
4560.000000
1411.000000
-3316.000000
-5803.000000
-7043.000000
-2622.000000
-1722.000000
-4403.000000
-9211.000000
-9094.000000
7596.000000
15948.000000
9614.000000
-140.000000
-11146.000000
-9486.000000
6115.000000
10678.000000
6534.000000
-857.000000
-7341.000000
-3246.000000
2800.000000
1593.000000
819.000000
-310.000000
-533.000000
5754.000000
5511.000000
-904.000000
-3248.000000
-4003.000000
981.000000
7728.000000
5728.000000
2472.000000
597.000000
-3912.000000
-3748.000000
-3159.000000
-1697.000000
4200.000000
3020.000000
-2320.000000
-4633.000000
-7174.000000
-4314.000000
-580.000000
-4272.000000
-6971.000000
-11778.000000
-144.000000
15594.000000
12922.000000
3814.000000
-6613.000000
-13139.000000
72.000000
10811.000000
7955.000000
2578.000000
-5168.000000
-5997.000000
1391.000000
2405.000000
739.000000
1403.000000
-892.000000
3166.000000
6609.000000
86.000000
-2617.000000
-3014.000000
-1344.000000
6279.000000
6441.000000
2006.000000
1661.000000
-2294.000000
-3957.000000
-2292.000000
-3269.000000
2182.000000
4500.000000
-1100.000000
-3641.000000
-5609.000000
-6075.000000
-299.000000
-2668.000000
-5554.000000
-10274.000000
-6620.000000
11413.000000
15837.000000
7601.000000
-1745.000000
-12449.000000
-6574.000000
8346.000000
9027.000000
4578.000000
-2092.000000
-7181.000000
-1682.000000
2119.000000
149.000000
1269.000000
19.000000
431.000000
5805.000000
2801.000000
-1742.000000
-2241.000000
-2916.000000
2831.000000
7187.000000
4046.000000
2800.000000
99.000000
-3988.000000
-2720.000000
-3562.000000
-509.000000
4868.000000
1852.000000
-2144.000000
-4041.000000
-7118.000000
-2916.000000
-1709.000000
-5239.000000
-7120.000000
-10491.000000
2871.000000
15753.000000
10990.000000
2529.000000
-7900.000000
-11890.000000
2226.000000
9896.000000
6862.000000
2035.000000
-5581.000000
-5193.000000
1685.000000
1376.000000
1310.000000
1591.000000
-742.000000
3761.000000
4908.000000
-591.000000
-1134.000000
-2368.000000
-443.000000
6077.000000
4904.000000
2978.000000
2718.000000
-2524.000000
-3558.000000
-3300.000000
-3245.000000
3312.000000
4021.000000
-985.000000
-3176.000000
-6457.000000
-5678.000000
-1155.000000
-3917.000000
-5322.000000
-10406.000000
-4890.000000
12390.000000
14199.000000
6476.000000
-2624.000000
-12520.000000
-4423.000000
8875.000000
8556.000000
4527.000000
-3021.000000
-7535.000000
-848.000000
2594.000000
1589.000000
2579.000000
-279.000000
775.000000
5321.000000
1471.000000
-666.000000
-477.000000
-1598.000000
3731.000000
5893.000000
3018.000000
3720.000000
507.000000
-3221.000000
-2734.000000
-4395.000000
-8.000000
4679.000000
938.000000
-2001.000000
-4596.000000
-7084.000000
-2529.000000
-2461.000000
-6006.000000
-7180.000000
-11077.000000
2681.000000
15886.000000
10976.000000
3080.000000
-7639.000000
-12425.000000
1930.000000
10262.000000
7661.000000
2777.000000
-6285.000000
-6399.000000
1257.000000
2184.000000
2845.000000
2530.000000
-1044.000000
2661.000000
4260.000000
-69.000000
-229.000000
-1735.000000
-547.000000
5588.000000
4745.000000
3328.000000
2595.000000
-2455.000000
-3598.000000
-3576.000000
-3333.000000
3201.000000
3949.000000
-318.000000
-2958.000000
-6536.000000
-6303.000000
-1647.000000
-4354.000000
-4939.000000
-9562.000000
-7160.000000
10439.000000
14383.000000
7310.000000
-905.000000
-12213.000000
-7545.000000
7318.000000
9127.000000
6080.000000
-1514.000000
-8397.000000
-2675.000000
2548.000000
2191.000000
3424.000000
662.000000
-368.000000
2823.000000
1388.000000
334.000000
562.000000
-1172.000000
2191.000000
4413.000000
3695.000000
4673.000000
1030.000000
-3205.000000
-3761.000000
-4508.000000
-490.000000
4229.000000
1359.000000
-875.000000
-4187.000000
-6802.000000
-4268.000000
-2606.000000
-5273.000000
-4975.000000
-10386.000000
-4875.000000
12022.000000
13337.000000
6984.000000
-1983.000000
-12809.000000
-5438.000000
8334.000000
9546.000000
6330.000000
-2627.000000
-8884.000000
-2024.000000
2754.000000
3249.000000
3548.000000
-426.000000
-694.000000
2410.000000
1624.000000
660.000000
-1004.000000
-2363.000000
2296.000000
4890.000000
4946.000000
4146.000000
-771.000000
-4532.000000
-4526.000000
-3201.000000
1521.000000
4510.000000
1292.000000
-1502.000000
-5252.000000
-6135.000000
-4231.000000
-2650.000000
-4114.000000
-4437.000000
-9498.000000
-2488.000000
12170.000000
12054.000000
6071.000000
-3347.000000
-12965.000000
-3919.000000
9277.000000
9646.000000
5670.000000
-4346.000000
-9610.000000
-1600.000000
3207.000000
3765.000000
3564.000000
-1102.000000
-1165.000000
2586.000000
1587.000000
665.000000
-1363.000000
-2173.000000
3470.000000
6153.000000
5424.000000
3388.000000
-2488.000000
-5590.000000
-3721.000000
-1584.000000
2623.000000
4168.000000
36.000000
-2340.000000
-5523.000000
-6289.000000
-4264.000000
-2221.000000
-3935.000000
-3644.000000
-9130.000000
-5027.000000
10482.000000
12298.000000
6840.000000
-1782.000000
-12750.000000
-5459.000000
9183.000000
10087.000000
6384.000000
-3817.000000
-10653.000000
-2017.000000
4100.000000
3978.000000
3205.000000
-2402.000000
-2455.000000
3315.000000
2645.000000
349.000000
-1807.000000
-3080.000000
3498.000000
7029.000000
4661.000000
2736.000000
-2481.000000
-5380.000000
-2407.000000
-982.000000
1899.000000
4549.000000
222.000000
-2014.000000
-4464.000000
-6605.000000
-4316.000000
-1729.000000
-3404.000000
-2666.000000
-7384.000000
-8226.000000
7341.000000
12523.000000
7508.000000
786.000000
-11243.000000
-8763.000000
6971.000000
10088.000000
6983.000000
-1842.000000
-10610.000000
-3462.000000
4222.000000
3898.000000
3170.000000
-2169.000000
-4000.000000
3321.000000
4307.000000
663.000000
-1372.000000
-3582.000000
2599.000000
7977.000000
4874.000000
2360.000000
-2043.000000
-5029.000000
-1525.000000
-453.000000
589.000000
4348.000000
1057.000000
-1686.000000
-3796.000000
-7686.000000
-4799.000000
-884.000000
-1638.000000
-2612.000000
-5618.000000
-11429.000000
1568.000000
12463.000000
9150.000000
4071.000000
-7036.000000
-11765.000000
2706.000000
10339.000000
7613.000000
1660.000000
-8538.000000
-6076.000000
3589.000000
4181.000000
2605.000000
-608.000000
-4180.000000
1355.000000
5495.000000
1501.000000
-827.000000
-2882.000000
99.000000
6541.000000
5701.000000
2206.000000
-368.000000
-3706.000000
-2170.000000
-41.000000
-654.000000
2004.000000
1908.000000
-1051.000000
-2686.000000
-6362.000000
-5905.000000
-2032.000000
-935.000000
-2803.000000
-3348.000000
-9913.000000
-3755.000000
10036.000000
9674.000000
5418.000000
-2113.000000
-11409.000000
-2179.000000
9137.000000
7949.000000
4177.000000
-5030.000000
-8027.000000
1277.000000
4365.000000
2276.000000
1146.000000
-3210.000000
-1076.000000
5178.000000
2493.000000
-134.000000
-1498.000000
-2488.000000
3535.000000
5946.000000
2672.000000
1649.000000
-2001.000000
-3513.000000
-502.000000
-1108.000000
113.000000
2933.000000
542.000000
-1507.000000
-4102.000000
-7051.000000
-3693.000000
-721.000000
-1342.000000
-1863.000000
-4831.000000
-10259.000000
-133.000000
9855.000000
8624.000000
4960.000000
-4929.000000
-9940.000000
1290.000000
8745.000000
7431.000000
2222.000000
-6678.000000
-5659.000000
2307.000000
3194.000000
2455.000000
-310.000000
-3028.000000
1683.000000
4116.000000
1211.000000
-109.000000
-2874.000000
-597.000000
4940.000000
4246.000000
2848.000000
1160.000000
-2796.000000
-1586.000000
-856.000000
-2029.000000
1227.000000
2593.000000
-416.000000
-1374.000000
-5845.000000
-6698.000000
-2370.000000
-224.000000
-1006.000000
-1494.000000
-8289.000000
-7937.000000
5525.000000
9748.000000
7434.000000
1489.000000
-8984.000000
-5843.000000
6404.000000
8462.000000
5415.000000
-2273.000000
-8014.000000
-1899.000000
3964.000000
2889.000000
1397.000000
-2069.000000
-1891.000000
3223.000000
3432.000000
524.000000
-1564.000000
-2578.000000
1426.000000
4645.000000
3912.000000
2843.000000
30.000000
-2576.000000
-1900.000000
-2457.000000
-1102.000000
2874.000000
2344.000000
-249.000000
-3182.000000
-7116.000000
-4823.000000
-496.000000
728.000000
-1221.000000
-3587.000000
-9923.000000
-4732.000000
7998.000000
9428.000000
5933.000000
-911.000000
-8983.000000
-1808.000000
8086.000000
6879.000000
2512.000000
-4497.000000
-6804.000000
1540.000000
4263.000000
1820.000000
656.000000
-2312.000000
-324.000000
4013.000000
1294.000000
-1447.000000
-1950.000000
-1227.000000
3638.000000
5272.000000
2597.000000
1518.000000
-1374.000000
-3092.000000
-1410.000000
-1791.000000
122.000000
3528.000000
1020.000000
-1656.000000
-4020.000000
-6375.000000
-2576.000000
592.000000
-529.000000
-1968.000000
-4196.000000
-9423.000000
-2011.000000
7901.000000
8048.000000
5513.000000
-1407.000000
-7068.000000
462.000000
6602.000000
4867.000000
1769.000000
-3768.000000
-4105.000000
1996.000000
2705.000000
1774.000000
1028.000000
-1449.000000
-212.000000
2322.000000
-267.000000
-485.000000
-147.000000
-359.000000
3229.000000
3941.000000
1737.000000
1340.000000
-1740.000000
-2932.000000
-939.000000
-1256.000000
644.000000
2692.000000
86.000000
-1588.000000
-3190.000000
-5172.000000
-2012.000000
-35.000000
-537.000000
-1388.000000
-4262.000000
-9265.000000
-2118.000000
7484.000000
8789.000000
6519.000000
-1055.000000
-7404.000000
-829.000000
5329.000000
5328.000000
2897.000000
-3262.000000
-4201.000000
1367.000000
2632.000000
2495.000000
959.000000
-2471.000000
-1288.000000
1334.000000
410.000000
569.000000
-105.000000
273.000000
3424.000000
3248.000000
1319.000000
300.000000
-1580.000000
-1218.000000
292.000000
-1187.000000
-130.000000
1568.000000
504.000000
-371.000000
-2555.000000
-4650.000000
-1619.000000
-24.000000
-250.000000
-1436.000000
-4354.000000
-7337.000000
-5564.000000
4118.000000
10163.000000
7696.000000
1330.000000
-5738.000000
-5524.000000
3407.000000
7475.000000
4573.000000
-580.000000
-4954.000000
-2656.000000
2738.000000
3194.000000
1198.000000
-1577.000000
-3237.000000
-827.000000
2031.000000
1411.000000
973.000000
155.000000
812.000000
2470.000000
1418.000000
122.000000
294.000000
-219.000000
193.000000
-526.000000
-1916.000000
323.000000
1782.000000
149.000000
-1480.000000
-3667.000000
-3461.000000
-83.000000
-31.000000
-1087.000000
-2888.000000
-4459.000000
-6125.000000
-2137.000000
6271.000000
7934.000000
4032.000000
-599.000000
-4910.000000
-1400.000000
5602.000000
5247.000000
1723.000000
-2500.000000
-4657.000000
-152.000000
3230.000000
1519.000000
-243.000000
-2549.000000
-2732.000000
1301.000000
2735.000000
1107.000000
363.000000
-185.000000
1054.000000
1536.000000
438.000000
446.000000
989.000000
982.000000
347.000000
-1666.000000
-1932.000000
512.000000
835.000000
245.000000
-1365.000000
-2972.000000
-1795.000000
-139.000000
-1170.000000
-1088.000000
-2087.000000
-3655.000000
-5306.000000
-3892.000000
3719.000000
7666.000000
5407.000000
1732.000000
-3219.000000
-2981.000000
3192.000000
4728.000000
1786.000000
-1460.000000
-3942.000000
-1358.000000
2320.000000
1059.000000
-615.000000
-1882.000000
-1955.000000
1320.000000
3010.000000
455.000000
-616.000000
-498.000000
409.000000
1874.000000
1654.000000
1072.000000
1787.000000
666.000000
-582.000000
-1628.000000
-2168.000000
223.000000
1652.000000
185.000000
-1291.000000
-2433.000000
-2196.000000
199.000000
274.000000
-859.000000
-2584.000000
-4792.000000
-5323.000000
-4389.000000
2310.000000
8304.000000
6699.000000
1972.000000
-2734.000000
-4709.000000
1207.000000
5663.000000
3520.000000
-593.000000
-3910.000000
-3895.000000
290.000000
1701.000000
820.000000
-24.000000
-1066.000000
-460.000000
1173.000000
60.000000
-637.000000
138.000000
912.000000
2158.000000
2355.000000
1427.000000
887.000000
-58.000000
-757.000000
-974.000000
-1356.000000
-54.000000
906.000000
-74.000000
-791.000000
-1435.000000
-1330.000000
92.000000
-208.000000
-2091.000000
-2385.000000
-3355.000000
-2933.000000
-2800.000000
-1717.000000
4106.000000
6133.000000
2876.000000
393.000000
-2452.000000
-1472.000000
4265.000000
4192.000000
-49.000000
-3321.000000
-5122.000000
-1771.000000
2915.000000
2317.000000
603.000000
-1265.000000
-2529.000000
-306.000000
696.000000
-471.000000
1026.000000
1798.000000
2276.000000
2484.000000
-221.000000
-1432.000000
282.000000
1124.000000
1541.000000
199.000000
-2218.000000
-1185.000000
390.000000
316.000000
114.000000
-923.000000
-1750.000000
-967.000000
-586.000000
-957.000000
-515.000000
-1954.000000
-2913.000000
-4561.000000
-4035.000000
2620.000000
6688.000000
5204.000000
2734.000000
-2223.000000
-3419.000000
1311.000000
1861.000000
-315.000000
-1441.000000
-2880.000000
-883.000000
2358.000000
1472.000000
-220.000000
-1613.000000
-2481.000000
-263.000000
1871.000000
1975.000000
2492.000000
1548.000000
-105.000000
-574.000000
-125.000000
1223.000000
3095.000000
2271.000000
-428.000000
-2657.000000
-2936.000000
-424.000000
1746.000000
916.000000
-404.000000
-1382.000000
-1315.000000
19.000000
955.000000
-71.000000
-1677.000000
-4359.000000
-5213.000000
-4082.000000
-728.000000
5560.000000
7452.000000
3571.000000
-742.000000
-4137.000000
-3216.000000
2019.000000
3104.000000
415.000000
-1577.000000
-2574.000000
-863.000000
1948.000000
641.000000
-1314.000000
-1241.000000
-243.000000
1487.000000
2449.000000
780.000000
-2.000000
446.000000
1149.000000
1881.000000
1741.000000
1236.000000
1114.000000
188.000000
-1315.000000
-2123.000000
-1422.000000
1032.000000
2152.000000
944.000000
-166.000000
-1074.000000
-914.000000
34.000000
-501.000000
-2157.000000
-3151.000000
-3484.000000
-2263.000000
-756.000000
-827.000000
1656.000000
3754.000000
1934.000000
-251.000000
-1811.000000
-2214.000000
1163.000000
2775.000000
774.000000
-838.000000
-1983.000000
-1388.000000
1272.000000
1408.000000
221.000000
-403.000000
-1253.000000
-291.000000
1534.000000
2330.000000
2754.000000
1622.000000
-295.000000
-607.000000
139.000000
1232.000000
1844.000000
141.000000
-1538.000000
-1444.000000
-453.000000
1073.000000
1653.000000
447.000000
-476.000000
-897.000000
-1222.000000
-861.000000
-803.000000
-1122.000000
-1187.000000
-1508.000000
-1918.000000
-1884.000000
-2449.000000
-1078.000000
2260.000000
3040.000000
1257.000000
-660.000000
-1892.000000
-623.000000
1766.000000
1354.000000
-116.000000
-747.000000
-380.000000
669.000000
722.000000
-1003.000000
-1521.000000
-30.000000
1787.000000
3270.000000
2431.000000
117.000000
-936.000000
-603.000000
531.000000
1591.000000
1073.000000
576.000000
433.000000
-201.000000
-600.000000
-648.000000
-231.000000
705.000000
834.000000
-218.000000
-841.000000
-1075.000000
-557.000000
164.000000
-436.000000
-1933.000000
-2675.000000
-2316.000000
-1105.000000
-527.000000
-1298.000000
-1102.000000
703.000000
1849.000000
1437.000000
10.000000
-1157.000000
-630.000000
1428.000000
2521.000000
1802.000000
48.000000
-1243.000000
-1299.000000
-441.000000
564.000000
1283.000000
1296.000000
939.000000
495.000000
289.000000
331.000000
339.000000
544.000000
1161.000000
1353.000000
639.000000
-45.000000
-520.000000
-602.000000
8.000000
229.000000
2.000000
139.000000
228.000000
313.000000
-206.000000
-1105.000000
-1632.000000
-1555.000000
-1542.000000
-1503.000000
-1424.000000
-1051.000000
-742.000000
-846.000000
-999.000000
-888.000000
-266.000000
285.000000
221.000000
282.000000
577.000000
1248.000000
2015.000000
1653.000000
819.000000
291.000000
119.000000
428.000000
906.000000
807.000000
755.000000
683.000000
816.000000
1012.000000
607.000000
4.000000
-286.000000
-237.000000
229.000000
401.000000
231.000000
-144.000000
-521.000000
-550.000000
-167.000000
253.000000
736.000000
495.000000
-155.000000
-716.000000
-1179.000000
-1293.000000
-1292.000000
-1662.000000
-1342.000000
-483.000000
-144.000000
-593.000000
-1306.000000
-2269.000000
-2144.000000
-701.000000
876.000000
1653.000000
1319.000000
229.000000
40.000000
1021.000000
2121.000000
2190.000000
1091.000000
-147.000000
-173.000000
943.000000
1733.000000
1534.000000
874.000000
153.000000
59.000000
270.000000
35.000000
-355.000000
-563.000000
-531.000000
-106.000000
277.000000
173.000000
-104.000000
-381.000000
-495.000000
-406.000000
-236.000000
-4.000000
199.000000
-125.000000
-857.000000
-1547.000000
-1702.000000
-968.000000
-69.000000
-25.000000
-799.000000
-1233.000000
-1443.000000
-1017.000000
-618.000000
-539.000000
-309.000000
229.000000
840.000000
1224.000000
1209.000000
1178.000000
1206.000000
1263.000000
1346.000000
1173.000000
1056.000000
1060.000000
1038.000000
974.000000
779.000000
389.000000
-62.000000
-363.000000
-699.000000
-933.000000
-1045.000000
-865.000000
-270.000000
199.000000
220.000000
-188.000000
-921.000000
-1176.000000
-627.000000
156.000000
699.000000
516.000000
-249.000000
-637.000000
-891.000000
-976.000000
-806.000000
-425.000000
-134.000000
60.000000
-111.000000
-770.000000
-1023.000000
-1036.000000
-650.000000
-174.000000
252.000000
617.000000
878.000000
1168.000000
1364.000000
1100.000000
732.000000
437.000000
648.000000
1160.000000
1438.000000
1395.000000
985.000000
447.000000
3.000000
-425.000000
-597.000000
-585.000000
-464.000000
-334.000000
-221.000000
-108.000000
-241.000000
-295.000000
-373.000000
-454.000000
-410.000000
-234.000000
-96.000000
221.000000
268.000000
55.000000
-320.000000
-759.000000
-760.000000
-503.000000
-186.000000
-14.000000
116.000000
5.000000
-418.000000
-931.000000
-1214.000000
-858.000000
-177.000000
395.000000
586.000000
544.000000
442.000000
399.000000
219.000000
85.000000
242.000000
515.000000
858.000000
1200.000000
1200.000000
908.000000
331.000000
-224.000000
-522.000000
-307.000000
106.000000
332.000000
219.000000
-206.000000
-479.000000
-368.000000
0.000000
162.000000
76.000000
-133.000000
-249.000000
-157.000000
95.000000
190.000000
49.000000
-96.000000
-285.000000
-471.000000
-406.000000
-235.000000
73.000000
291.000000
-59.000000
-560.000000
-836.000000
-855.000000
-567.000000
-192.000000
-59.000000
18.000000
-6.000000
31.000000
-40.000000
-179.000000
-282.000000
-97.000000
346.000000
828.000000
827.000000
507.000000
170.000000
-14.000000
-16.000000
155.000000
198.000000
168.000000
222.000000
158.000000
191.000000
46.000000
-182.000000
-154.000000
30.000000
130.000000
222.000000
137.000000
35.000000
163.000000
216.000000
94.000000
-59.000000
-227.000000
-304.000000
-153.000000
127.000000
236.000000
130.000000
-234.000000
-500.000000
-575.000000
-546.000000
-511.000000
-440.000000
-323.000000
-186.000000
-143.000000
-101.000000
-264.000000
-380.000000
-322.000000
-23.000000
243.000000
409.000000
430.000000
231.000000
150.000000
211.000000
240.000000
301.000000
215.000000
142.000000
155.000000
96.000000
-21.000000
-49.000000
-55.000000
-65.000000
-39.000000
-7.000000
45.000000
268.000000
460.000000
328.000000
66.000000
-173.000000
-336.000000
-84.000000
262.000000
441.000000
554.000000
164.000000
-345.000000
-508.000000
-518.000000
-359.000000
-21.000000
-78.000000
-330.000000
-380.000000
-419.000000
-464.000000
-268.000000
-186.000000
-257.000000
-408.000000
-375.000000
-54.000000
458.000000
428.000000
88.000000
-92.000000
-50.000000
306.000000
446.000000
52.000000
-308.000000
-310.000000
-16.000000
452.000000
472.000000
3.000000
-355.000000
-368.000000
-41.000000
458.000000
526.000000
299.000000
106.000000
-33.000000
-132.000000
-117.000000
-24.000000
225.000000
395.000000
261.000000
-123.000000
-422.000000
-406.000000
-99.000000
46.000000
-109.000000
-447.000000
-576.000000
-384.000000
-132.000000
-42.000000
-124.000000
-329.000000
-354.000000
-300.000000
-195.000000
32.000000
268.000000
378.000000
308.000000
146.000000
-7.000000
-53.000000
-94.000000
-31.000000
75.000000
110.000000
127.000000
47.000000
-235.000000
-464.000000
-536.000000
-342.000000
72.000000
421.000000
537.000000
424.000000
145.000000
-34.000000
53.000000
88.000000
235.000000
446.000000
464.000000
427.000000
386.000000
123.000000
-121.000000
-185.000000
-249.000000
-215.000000
-198.000000
-211.000000
-212.000000
-345.000000
-537.000000
-503.000000
-380.000000
-281.000000
-236.000000
-264.000000
-44.000000
283.000000
387.000000
185.000000
-81.000000
-223.000000
104.000000
488.000000
584.000000
346.000000
-60.000000
-199.000000
-111.000000
-103.000000
-203.000000
-209.000000
-31.000000
237.000000
307.000000
134.000000
13.000000
-18.000000
6.000000
-10.000000
-45.000000
89.000000
511.000000
785.000000
597.000000
132.000000
-242.000000
-240.000000
138.000000
322.000000
152.000000
-106.000000
-266.000000
-181.000000
-20.000000
-104.000000
