# Frecuencia de muestreo: 8000 Hz
-138.000000
-161.000000
-89.000000
-61.000000
-57.000000
-101.000000
-142.000000
-178.000000
-257.000000
-278.000000
-257.000000
-309.000000
-306.000000
-254.000000
-220.000000
-122.000000
-45.000000
-34.000000
-16.000000
-59.000000
-28.000000
102.000000
40.000000
40.000000
143.000000
120.000000
200.000000
342.000000
318.000000
345.000000
333.000000
233.000000
187.000000
90.000000
-4.000000
-21.000000
-96.000000
-118.000000
-37.000000
-66.000000
-57.000000
-13.000000
-60.000000
-90.000000
-146.000000
-267.000000
-249.000000
-252.000000
-308.000000
-244.000000
-202.000000
-147.000000
-8.000000
69.000000
118.000000
138.000000
78.000000
44.000000
-18.000000
-127.000000
-153.000000
-190.000000
-236.000000
-197.000000
-120.000000
-63.000000
32.000000
107.000000
170.000000
170.000000
127.000000
60.000000
-7.000000
42.000000
44.000000
3.000000
100.000000
205.000000
277.000000
408.000000
483.000000
517.000000
511.000000
452.000000
380.000000
281.000000
132.000000
60.000000
-9.000000
-112.000000
-143.000000
-114.000000
-100.000000
-44.000000
11.000000
-15.000000
-78.000000
-182.000000
-291.000000
-359.000000
-352.000000
-355.000000
-414.000000
-349.000000
-163.000000
-45.000000
99.000000
292.000000
374.000000
385.000000
384.000000
326.000000
235.000000
92.000000
-33.000000
-55.000000
-87.000000
-61.000000
44.000000
82.000000
113.000000
208.000000
289.000000
288.000000
179.000000
43.000000
-71.000000
-197.000000
-192.000000
-168.000000
-191.000000
-48.000000
175.000000
366.000000
607.000000
756.000000
788.000000
755.000000
588.000000
415.000000
207.000000
-75.000000
-182.000000
-272.000000
-389.000000
-332.000000
-279.000000
-251.000000
-132.000000
-75.000000
-85.000000
-126.000000
-217.000000
-347.000000
-523.000000
-680.000000
-689.000000
-630.000000
-556.000000
-352.000000
-72.000000
132.000000
325.000000
567.000000
733.000000
754.000000
680.000000
573.000000
360.000000
103.000000
-15.000000
-64.000000
-143.000000
-115.000000
39.000000
96.000000
136.000000
269.000000
301.000000
217.000000
120.000000
-15.000000
-169.000000
-299.000000
-369.000000
-445.000000
-495.000000
-355.000000
-252.000000
-166.000000
101.000000
245.000000
285.000000
397.000000
371.000000
306.000000
268.000000
137.000000
-34.000000
-190.000000
-321.000000
-379.000000
-413.000000
-373.000000
-264.000000
-231.000000
-114.000000
-10.000000
-96.000000
-60.000000
-68.000000
-236.000000
-250.000000
-262.000000
-399.000000
-403.000000
-402.000000
-367.000000
-261.000000
-198.000000
-63.000000
134.000000
231.000000
430.000000
654.000000
650.000000
688.000000
739.000000
572.000000
434.000000
372.000000
179.000000
53.000000
-38.000000
-78.000000
-75.000000
-85.000000
-50.000000
10.000000
16.000000
37.000000
16.000000
-114.000000
-318.000000
-466.000000
-580.000000
-774.000000
-903.000000
-932.000000
-992.000000
-915.000000
-779.000000
-627.000000
-323.000000
-56.000000
210.000000
501.000000
670.000000
813.000000
871.000000
736.000000
584.000000
356.000000
82.000000
-112.000000
-203.000000
-192.000000
24.000000
199.000000
348.000000
631.000000
720.000000
714.000000
819.000000
557.000000
208.000000
-55.000000
-440.000000
-742.000000
-815.000000
-930.000000
-930.000000
-905.000000
-772.000000
-676.000000
-646.000000
-677.000000
-392.000000
446.000000
2.000000
44.000000
1073.000000
606.000000
284.000000
1058.000000
566.000000
2.000000
-26.000000
-298.000000
-628.000000
-1010.000000
-682.000000
-348.000000
-742.000000
-174.000000
448.000000
130.000000
333.000000
630.000000
365.000000
221.000000
15.000000
-45.000000
-119.000000
-402.000000
-108.000000
90.000000
-21.000000
432.000000
843.000000
704.000000
1079.000000
1260.000000
718.000000
688.000000
520.000000
-89.000000
-324.000000
-608.000000
-914.000000
-1062.000000
-1157.000000
-801.000000
-722.000000
-674.000000
-106.000000
-66.000000
-208.000000
-2.000000
-76.000000
-233.000000
-345.000000
-371.000000
-184.000000
-274.000000
-102.000000
357.000000
381.000000
475.000000
711.000000
534.000000
357.000000
319.000000
178.000000
-86.000000
-258.000000
-235.000000
-419.000000
-501.000000
-349.000000
-474.000000
-610.000000
-540.000000
-686.000000
-953.000000
-1061.000000
-1269.000000
-1241.000000
-939.000000
-842.000000
-455.000000
104.000000
351.000000
882.000000
1370.000000
1407.000000
1421.000000
1259.000000
916.000000
435.000000
-64.000000
-327.000000
-565.000000
-677.000000
-380.000000
84.000000
534.000000
942.000000
1409.000000
1658.000000
1493.000000
1533.000000
1086.000000
436.000000
151.000000
-395.000000
-748.000000
-745.000000
-940.000000
-876.000000
-889.000000
-855.000000
-795.000000
-952.000000
-1108.000000
-1446.000000
-2231.000000
-2143.000000
-2535.000000
-1700.000000
27.000000
-746.000000
663.000000
2778.000000
1840.000000
2655.000000
3803.000000
2080.000000
1277.000000
519.000000
-776.000000
-1899.000000
-2876.000000
-2059.000000
-1668.000000
-1713.000000
549.000000
1710.000000
1565.000000
2803.000000
3035.000000
2075.000000
1416.000000
344.000000
-538.000000
-1652.000000
-2224.000000
-1856.000000
-1136.000000
-494.000000
773.000000
1785.000000
2196.000000
2584.000000
2696.000000
2009.000000
1098.000000
155.000000
-1051.000000
-2118.000000
-2746.000000
-2685.000000
-2579.000000
-1884.000000
-1129.000000
293.000000
641.000000
286.000000
1484.000000
1243.000000
-80.000000
631.000000
77.000000
-1319.000000
-778.000000
-636.000000
-886.000000
-395.000000
269.000000
836.000000
704.000000
1147.000000
1808.000000
1204.000000
1311.000000
1683.000000
858.000000
690.000000
736.000000
194.000000
73.000000
-74.000000
-445.000000
-707.000000
-969.000000
-1207.000000
-1644.000000
-1929.000000
-2498.000000
-2783.000000
-3630.000000
-3334.000000
-2739.000000
-1557.000000
-426.000000
-31.000000
1919.000000
2928.000000
2471.000000
3775.000000
3620.000000
1527.000000
1199.000000
-148.000000
-1957.000000
-2555.000000
-2759.000000
-2050.000000
-1372.000000
-225.000000
2015.000000
2436.000000
2904.000000
3738.000000
2885.000000
1569.000000
895.000000
-984.000000
-1399.000000
-306.000000
-1984.000000
-986.000000
1139.000000
209.000000
1664.000000
3344.000000
1886.000000
1874.000000
1325.000000
-86.000000
-1357.000000
-2236.000000
-2422.000000
-2894.000000
-3544.000000
-1838.000000
-2786.000000
-2140.000000
-2370.000000
-1834.000000
1937.000000
-851.000000
-132.000000
4077.000000
191.000000
689.000000
4438.000000
641.000000
317.000000
816.000000
-995.000000
-1890.000000
-3210.000000
-1256.000000
-1135.000000
-2798.000000
1274.000000
2220.000000
250.000000
3620.000000
4091.000000
2582.000000
3241.000000
2249.000000
1440.000000
221.000000
-500.000000
317.000000
-1186.000000
-999.000000
306.000000
-434.000000
-554.000000
591.000000
25.000000
-259.000000
-814.000000
-585.000000
-3427.000000
-3079.000000
-5310.000000
-5109.000000
1290.000000
-4919.000000
-1754.000000
5996.000000
-431.000000
2888.000000
9583.000000
2576.000000
3562.000000
3598.000000
-315.000000
-2030.000000
-5613.000000
-3252.000000
-3950.000000
-7374.000000
11.000000
966.000000
-1436.000000
5071.000000
5544.000000
3099.000000
5095.000000
3128.000000
2430.000000
-285.000000
-1640.000000
-211.000000
-3394.000000
-2885.000000
450.000000
-1642.000000
-254.000000
2137.000000
1416.000000
1193.000000
1749.000000
1396.000000
-611.000000
-1725.000000
-1523.000000
-4069.000000
-4923.000000
-3823.000000
-6804.000000
-313.000000
-618.000000
-2553.000000
5616.000000
4460.000000
1999.000000
8497.000000
4958.000000
1901.000000
2182.000000
-1461.000000
-3006.000000
-6094.000000
-5843.000000
-3020.000000
-6003.000000
-1951.000000
2993.000000
598.000000
3778.000000
6504.000000
4179.000000
4868.000000
3709.000000
1729.000000
451.000000
-1477.000000
-1379.000000
-2096.000000
-2492.000000
-941.000000
-1319.000000
-673.000000
-242.000000
247.000000
-566.000000
-1292.000000
-2100.000000
-3465.000000
-6350.000000
-3981.000000
365.000000
-5578.000000
-706.000000
5590.000000
235.000000
3720.000000
10143.000000
4141.000000
3660.000000
4531.000000
315.000000
-3560.000000
-5312.000000
-3742.000000
-6222.000000
-7258.000000
-42.000000
-181.000000
-744.000000
5935.000000
5735.000000
3583.000000
5882.000000
3970.000000
1181.000000
-422.000000
-589.000000
-1850.000000
-3589.000000
-1731.000000
27.000000
-920.000000
844.000000
2711.000000
1442.000000
703.000000
1363.000000
-522.000000
-3563.000000
-3285.000000
-6242.000000
-7102.000000
-8712.000000
-1195.000000
-2053.000000
-4589.000000
6666.000000
5965.000000
1528.000000
11964.000000
9047.000000
2533.000000
5503.000000
891.000000
-4196.000000
-6984.000000
-7215.000000
-5398.000000
-9071.000000
-3557.000000
2926.000000
-129.000000
4931.000000
9726.000000
5385.000000
6857.000000
6365.000000
1333.000000
252.000000
-2284.000000
-3525.000000
-4058.000000
-4008.000000
-1797.000000
-610.000000
105.000000
2628.000000
1902.000000
1820.000000
351.000000
-924.000000
-4175.000000
-6065.000000
-7694.000000
-8765.000000
-589.000000
-5505.000000
-2611.000000
7712.000000
2359.000000
4741.000000
13892.000000
5783.000000
5370.000000
5885.000000
-703.000000
-3788.000000
-7169.000000
-6131.000000
-6433.000000
-9125.000000
-807.000000
1203.000000
-248.000000
7279.000000
9371.000000
5028.000000
7599.000000
6696.000000
1354.000000
-201.000000
-483.000000
-3605.000000
-5375.000000
-3143.000000
-2721.000000
-2902.000000
-228.000000
1486.000000
920.000000
587.000000
142.000000
-1375.000000
-5927.000000
-5800.000000
-9381.000000
-3180.000000
-4581.000000
-6409.000000
4931.000000
4097.000000
1443.000000
13343.000000
9646.000000
4078.000000
8472.000000
2978.000000
-2761.000000
-4716.000000
-6003.000000
-6638.000000
-9046.000000
-3548.000000
584.000000
-725.000000
5528.000000
8514.000000
5871.000000
7846.000000
6814.000000
2493.000000
996.000000
-1159.000000
-3192.000000
-4953.000000
-4072.000000
-3364.000000
-2787.000000
-1442.000000
657.000000
522.000000
-997.000000
-617.000000
-2770.000000
-7285.000000
-8756.000000
-2707.000000
-6648.000000
-7426.000000
3866.000000
2017.000000
1271.000000
12481.000000
9820.000000
5584.000000
8687.000000
4485.000000
-1810.000000
-5023.000000
-5273.000000
-7028.000000
-10907.000000
-4518.000000
-362.000000
-2213.000000
5895.000000
9704.000000
6439.000000
9138.000000
8637.000000
3284.000000
1554.000000
-712.000000
-3778.000000
-4805.000000
-4742.000000
-4002.000000
-2407.000000
-838.000000
686.000000
1539.000000
898.000000
482.000000
-2141.000000
-5938.000000
-8325.000000
-4223.000000
-7009.000000
-8960.000000
1515.000000
988.000000
-48.000000
11519.000000
10268.000000
5792.000000
9626.000000
6107.000000
-588.000000
-4020.000000
-4092.000000
-7032.000000
-10753.000000
-4359.000000
-1782.000000
-2685.000000
5353.000000
9052.000000
6199.000000
10060.000000
9387.000000
3722.000000
2346.000000
407.000000
-4554.000000
-5848.000000
-4340.000000
-5090.000000
-4175.000000
-548.000000
208.000000
1194.000000
2027.000000
1434.000000
-1048.000000
-4350.000000
-8398.000000
-6425.000000
-4495.000000
-10810.000000
-2221.000000
2817.000000
-1733.000000
7825.000000
13313.000000
6440.000000
9763.000000
9331.000000
1597.000000
-1956.000000
-3994.000000
-6410.000000
-10186.000000
-8594.000000
-2554.000000
-3046.000000
858.000000
8838.000000
7253.000000
8522.000000
12233.000000
6595.000000
3358.000000
2474.000000
-2936.000000
-5705.000000
-5593.000000
-6261.000000
-5429.000000
-3255.000000
-1550.000000
-13.000000
1476.000000
1373.000000
169.000000
-1486.000000
-6530.000000
-6783.000000
-1922.000000
-9611.000000
-5722.000000
3558.000000
-2786.000000
3248.000000
12548.000000
6457.000000
7974.000000
9690.000000
3765.000000
-689.000000
-3869.000000
-4126.000000
-8938.000000
-9547.000000
-2667.000000
-3787.000000
-786.000000
7516.000000
6726.000000
8179.000000
11283.000000
7739.000000
4728.000000
2800.000000
-1122.000000
-4494.000000
-5576.000000
-6050.000000
-5963.000000
-3465.000000
-2714.000000
-1070.000000
1743.000000
313.000000
507.000000
-873.000000
-5197.000000
-10006.000000
-1302.000000
-6596.000000
-11511.000000
3930.000000
462.000000
-2957.000000
13085.000000
9829.000000
4865.000000
11704.000000
6475.000000
-75.000000
-2292.000000
-3642.000000
-7024.000000
-11143.000000
-4827.000000
-2538.000000
-3956.000000
5062.000000
8031.000000
6068.000000
11344.000000
10204.000000
5124.000000
4487.000000
1106.000000
-3576.000000
-4804.000000
-5681.000000
-6245.000000
-4660.000000
-3078.000000
-2729.000000
798.000000
369.000000
-219.000000
36.000000
-3165.000000
-8404.000000
-7503.000000
-687.000000
-11154.000000
-4810.000000
5607.000000
-2957.000000
3455.000000
14920.000000
5758.000000
7833.000000
10973.000000
3021.000000
-1349.000000
-3234.000000
-4905.000000
-9477.000000
-9603.000000
-2513.000000
-3889.000000
-711.000000
7892.000000
6711.000000
8591.000000
12427.000000
7833.000000
5298.000000
4138.000000
-1041.000000
-4061.000000
-4557.000000
-6119.000000
-5812.000000
-3661.000000
-3284.000000
-1684.000000
865.000000
-272.000000
-346.000000
-1593.000000
-4940.000000
-10414.000000
-1122.000000
-6298.000000
-11272.000000
4524.000000
66.000000
-2508.000000
13245.000000
8843.000000
5405.000000
11611.000000
6275.000000
766.000000
-2338.000000
-3582.000000
-6696.000000
-11138.000000
-5191.000000
-2803.000000
-4059.000000
4355.000000
7062.000000
6219.000000
10945.000000
10054.000000
5912.000000
5347.000000
2006.000000
-2918.000000
-3914.000000
-4963.000000
-6367.000000
-4448.000000
-3132.000000
-3008.000000
351.000000
446.000000
-29.000000
182.000000
-3284.000000
-6600.000000
-9057.000000
-1541.000000
-9209.000000
-7659.000000
4708.000000
-1945.000000
1338.000000
14351.000000
6892.000000
7085.000000
11721.000000
4386.000000
-182.000000
-1935.000000
-4120.000000
-8489.000000
-9473.000000
-3569.000000
-4133.000000
-1895.000000
5876.000000
5737.000000
7475.000000
11176.000000
8009.000000
5391.000000
4762.000000
187.000000
-3533.000000
-3586.000000
-5438.000000
-6143.000000
-3709.000000
-3331.000000
-2384.000000
699.000000
-480.000000
320.000000
-1461.000000
-3781.000000
-9243.000000
-4701.000000
-2305.000000
-11969.000000
88.000000
3448.000000
-4226.000000
9081.000000
12422.000000
4051.000000
10761.000000
8789.000000
1357.000000
-1055.000000
-2793.000000
-5384.000000
-10282.000000
-6561.000000
-2408.000000
-4874.000000
2205.000000
6741.000000
5629.000000
9318.000000
10523.000000
6368.000000
4621.000000
3177.000000
-2013.000000
-4101.000000
-3883.000000
-6360.000000
-5472.000000
-2746.000000
-3912.000000
-549.000000
823.000000
-697.000000
115.000000
-1343.000000
-6952.000000
-8738.000000
469.000000
-9392.000000
-7618.000000
6032.000000
-2687.000000
776.000000
14874.000000
6318.000000
6726.000000
12162.000000
4521.000000
-326.000000
-1768.000000
-3414.000000
-8443.000000
-9362.000000
-2862.000000
-4327.000000
-2408.000000
6186.000000
5212.000000
6687.000000
11343.000000
7978.000000
4774.000000
4607.000000
129.000000
-4272.000000
-3632.000000
-5237.000000
-6484.000000
-3384.000000
-2706.000000
-2505.000000
1540.000000
408.000000
337.000000
134.000000
-2940.000000
-7993.000000
-7926.000000
-889.000000
-11316.000000
-4919.000000
5193.000000
-3471.000000
4220.000000
15046.000000
5401.000000
8749.000000
11831.000000
3338.000000
-569.000000
-1771.000000
-4564.000000
-9776.000000
-8441.000000
-2825.000000
-5230.000000
-171.000000
6661.000000
5411.000000
8341.000000
11533.000000
7585.000000
4725.000000
4267.000000
-1258.000000
-4464.000000
-4150.000000
-6420.000000
-6838.000000
-3381.000000
-4162.000000
-1638.000000
633.000000
-105.000000
-404.000000
-731.000000
-5220.000000
-8808.000000
812.000000
-7989.000000
-8638.000000
5134.000000
-2528.000000
-557.000000
13416.000000
6133.000000
6103.000000
11272.000000
4838.000000
301.000000
-1669.000000
-2870.000000
-7093.000000
-9122.000000
-2725.000000
-3438.000000
-2533.000000
5741.000000
6092.000000
6233.000000
10953.000000
8654.000000
4608.000000
4660.000000
679.000000
-4037.000000
-3743.000000
-5523.000000
-6648.000000
-3736.000000
-3450.000000
-2827.000000
1334.000000
-800.000000
58.000000
-583.000000
-3574.000000
-9796.000000
-2320.000000
-3029.000000
-12721.000000
2241.000000
2154.000000
-4905.000000
10557.000000
11376.000000
3589.000000
11188.000000
8534.000000
957.000000
-1321.000000
-2026.000000
-6091.000000
-10219.000000
-5443.000000
-2923.000000
-4830.000000
2899.000000
6895.000000
4945.000000
10191.000000
10972.000000
5681.000000
5276.000000
3600.000000
-2870.000000
-3883.000000
-3868.000000
-6883.000000
-5403.000000
-2741.000000
-3954.000000
-376.000000
844.000000
-505.000000
505.000000
-1596.000000
-6309.000000
-8256.000000
291.000000
-9569.000000
-7640.000000
5389.000000
-3228.000000
610.000000
14214.000000
5922.000000
6685.000000
11970.000000
4346.000000
26.000000
-1439.000000
-3669.000000
-8195.000000
-9211.000000
-3185.000000
-4083.000000
-2527.000000
6012.000000
5904.000000
6378.000000
11517.000000
8606.000000
4736.000000
4769.000000
743.000000
-3762.000000
-3461.000000
-5111.000000
-5958.000000
-3799.000000
-2992.000000
-2213.000000
1100.000000
-435.000000
678.000000
-954.000000
-3194.000000
-8990.000000
-5282.000000
-1179.000000
-12567.000000
-875.000000
4242.000000
-4893.000000
7832.000000
13070.000000
3860.000000
10266.000000
9496.000000
1995.000000
-897.000000
-2545.000000
-5175.000000
-10088.000000
-7162.000000
-2600.000000
-5098.000000
1166.000000
6969.000000
5104.000000
8904.000000
11230.000000
6446.000000
4841.000000
3764.000000
-1944.000000
-3829.000000
-3896.000000
-6437.000000
-5162.000000
-3157.000000
-3555.000000
-664.000000
854.000000
-690.000000
210.000000
-1446.000000
-5443.000000
-9609.000000
-69.000000
-7236.000000
-9660.000000
5169.000000
-1221.000000
-1330.000000
13453.000000
7584.000000
5504.000000
11354.000000
5446.000000
457.000000
-2175.000000
-3263.000000
-7147.000000
-10122.000000
-3825.000000
-3317.000000
-3384.000000
4893.000000
6255.000000
5983.000000
10331.000000
9066.000000
4661.000000
4171.000000
1225.000000
-3833.000000
-3675.000000
-4669.000000
-6194.000000
-3735.000000
-2684.000000
-2638.000000
1093.000000
-302.000000
116.000000
-949.000000
-2821.000000
-8809.000000
-6477.000000
-226.000000
-12066.000000
-2571.000000
5336.000000
-4693.000000
5983.000000
13778.000000
3861.000000
9087.000000
9736.000000
2344.000000
-1012.000000
-2739.000000
-4298.000000
-9464.000000
-7738.000000
-1792.000000
-4417.000000
82.000000
6853.000000
5364.000000
7523.000000
10783.000000
6454.000000
3862.000000
3396.000000
-1517.000000
-4361.000000
-3626.000000
-5923.000000
-5097.000000
-2711.000000
-2999.000000
-838.000000
1446.000000
-658.000000
1003.000000
-1558.000000
-4072.000000
-9607.000000
-4847.000000
-2629.000000
-11981.000000
312.000000
3460.000000
-3805.000000
9344.000000
12453.000000
3935.000000
10860.000000
8292.000000
1489.000000
-1160.000000
-3263.000000
-5330.000000
-10033.000000
-6595.000000
-1762.000000
-4671.000000
2059.000000
7155.000000
5278.000000
8828.000000
10609.000000
5451.000000
4066.000000
2718.000000
-2596.000000
-4087.000000
-3793.000000
-6149.000000
-4412.000000
-2524.000000
-2652.000000
-148.000000
1482.000000
-396.000000
800.000000
-1792.000000
-4536.000000
-10065.000000
-3711.000000
-3641.000000
-11437.000000
1668.000000
2726.000000
-2796.000000
10527.000000
10983.000000
4747.000000
10499.000000
6873.000000
1517.000000
-2046.000000
-3767.000000
-5374.000000
-10304.000000
-5698.000000
-1817.000000
-4204.000000
2983.000000
6956.000000
5730.000000
9001.000000
9802.000000
5186.000000
3823.000000
1898.000000
-2464.000000
-3827.000000
-4096.000000
-5520.000000
-3728.000000
-2590.000000
-2258.000000
858.000000
560.000000
-350.000000
612.000000
-2624.000000
-5918.000000
-9612.000000
-1243.000000
-7143.000000
-9139.000000
4553.000000
-356.000000
-452.000000
13215.000000
7754.000000
5656.000000
10533.000000
4777.000000
-40.000000
-2946.000000
-3692.000000
-6666.000000
-10038.000000
-2886.000000
-3025.000000
-2561.000000
5595.000000
5860.000000
6516.000000
10022.000000
7588.000000
4406.000000
3253.000000
-300.000000
-3338.000000
-3843.000000
-4704.000000
-5036.000000
-2293.000000
-2160.000000
-1007.000000
1923.000000
1398.000000
-17.000000
1380.000000
-3333.000000
-6303.000000
-9973.000000
-3713.000000
-5907.000000
-10224.000000
2921.000000
1899.000000
-975.000000
12606.000000
10222.000000
5534.000000
10661.000000
5826.000000
-28.000000
-2860.000000
-4577.000000
-7181.000000
-10386.000000
-5071.000000
-3055.000000
-2461.000000
4188.000000
6929.000000
7331.000000
9495.000000
8642.000000
5149.000000
2984.000000
-29.000000
-2830.000000
-4401.000000
-5300.000000
-4803.000000
-2886.000000
-2699.000000
-89.000000
1789.000000
1814.000000
1097.000000
1955.000000
-2751.000000
-5089.000000
-10209.000000
-5603.000000
-4027.000000
-11657.000000
734.000000
3712.000000
-1865.000000
10356.000000
12608.000000
5662.000000
10181.000000
7691.000000
881.000000
-2814.000000
-4731.000000
-6531.000000
-10490.000000
-7087.000000
-2403.000000
-3242.000000
2893.000000
7669.000000
6774.000000
9391.000000
9283.000000
5332.000000
3133.000000
374.000000
-2384.000000
-4718.000000
-5051.000000
-4560.000000
-3781.000000
-1921.000000
107.000000
1539.000000
2568.000000
1542.000000
2087.000000
-1553.000000
-4799.000000
-8490.000000
-10180.000000
-2549.000000
-10109.000000
-5959.000000
5874.000000
-677.000000
4355.000000
15126.000000
7568.000000
8313.000000
10341.000000
3301.000000
-1238.000000
-4684.000000
-5592.000000
-9072.000000
-10936.000000
-3181.000000
-3023.000000
-1148.000000
7076.000000
7635.000000
7447.000000
10089.000000
7669.000000
3464.000000
1790.000000
-747.000000
-3942.000000
-5503.000000
-4384.000000
-4621.000000
-2864.000000
-830.000000
1227.000000
2150.000000
2516.000000
2321.000000
494.000000
-3601.000000
-5369.000000
-10428.000000
-9417.000000
-2978.000000
-10299.000000
-2498.000000
6279.000000
-188.000000
7763.000000
14812.000000
7149.000000
8915.000000
8335.000000
1706.000000
-3277.000000
-5908.000000
-6617.000000
-11105.000000
-9039.000000
-1626.000000
-3010.000000
1619.000000
9526.000000
6993.000000
7789.000000
10973.000000
5443.000000
1651.000000
1796.000000
-1909.000000
-5911.000000
-4455.000000
-3730.000000
-4861.000000
-1425.000000
1231.000000
1682.000000
2743.000000
3177.000000
1371.000000
-1104.000000
-3696.000000
-6505.000000
-10866.000000
-10609.000000
-2658.000000
-8300.000000
-3458.000000
7351.000000
1771.000000
6508.000000
15336.000000
7810.000000
7502.000000
8526.000000
1177.000000
-3312.000000
-6741.000000
-7437.000000
-9278.000000
-9552.000000
-2526.000000
-1069.000000
1615.000000
7680.000000
7887.000000
7856.000000
9442.000000
5804.000000
2433.000000
1768.000000
-2242.000000
-4507.000000
-3791.000000
-4295.000000
-3748.000000
-998.000000
877.000000
1600.000000
2849.000000
2085.000000
826.000000
-1029.000000
-3381.000000
-7419.000000
-7908.000000
-10540.000000
-7811.000000
-1418.000000
-6025.000000
1771.000000
7685.000000
3227.000000
10129.000000
12089.000000
5847.000000
7006.000000
3094.000000
-2119.000000
-6065.000000
-8077.000000
-6796.000000
-9080.000000
-5958.000000
1259.000000
343.000000
3898.000000
9143.000000
7346.000000
6796.000000
7395.000000
4163.000000
390.000000
-706.000000
-2170.000000
-4600.000000
-3685.000000
-2409.000000
-1862.000000
513.000000
1747.000000
1660.000000
2586.000000
11.000000
-414.000000
-2735.000000
-5666.000000
-7160.000000
-7553.000000
-10628.000000
-4393.000000
-156.000000
-4599.000000
4329.000000
8007.000000
3214.000000
9310.000000
10987.000000
4044.000000
3995.000000
1789.000000
-3214.000000
-7327.000000
-7202.000000
-5470.000000
-7818.000000
-4169.000000
2417.000000
1008.000000
4294.000000
8840.000000
6389.000000
5751.000000
6353.000000
2786.000000
31.000000
-1011.000000
-2118.000000
-3864.000000
-2872.000000
-1619.000000
-1322.000000
231.000000
1431.000000
1294.000000
786.000000
237.000000
-1046.000000
-3547.000000
-4243.000000
-5408.000000
-6998.000000
-7164.000000
-6181.000000
1152.000000
-2432.000000
-463.000000
8468.000000
3381.000000
3914.000000
10854.000000
4262.000000
2542.000000
3580.000000
-1595.000000
-4691.000000
-5438.000000
-5034.000000
-5549.000000
-5058.000000
234.000000
859.000000
2086.000000
6108.000000
5577.000000
4587.000000
6242.000000
3916.000000
829.000000
1057.000000
-706.000000
-2733.000000
-2418.000000
-2062.000000
-1641.000000
-1036.000000
-178.000000
590.000000
54.000000
-320.000000
-493.000000
-1702.000000
-2422.000000
-3054.000000
-3565.000000
-4790.000000
-4761.000000
-5945.000000
352.000000
-989.000000
-2924.000000
5580.000000
3538.000000
1304.000000
9094.000000
5555.000000
2019.000000
4429.000000
740.000000
-2571.000000
-3962.000000
-3927.000000
-4242.000000
-5669.000000
-1435.000000
543.000000
-51.000000
4107.000000
5434.000000
4517.000000
5721.000000
4876.000000
2586.000000
1226.000000
-142.000000
-1556.000000
-3068.000000
-2487.000000
-2300.000000
-2429.000000
-1382.000000
-647.000000
-365.000000
-40.000000
390.000000
182.000000
-645.000000
-1665.000000
-1761.000000
-4553.000000
-4321.000000
-6532.000000
-3150.000000
-515.000000
-4836.000000
2368.000000
5030.000000
1186.000000
7882.000000
8579.000000
3462.000000
5531.000000
2865.000000
-1192.000000
-3693.000000
-4990.000000
-4460.000000
-7016.000000
-4280.000000
283.000000
-1025.000000
2694.000000
6541.000000
4732.000000
5562.000000
6225.000000
3062.000000
1007.000000
407.000000
-2179.000000
-3591.000000
-3342.000000
-3475.000000
-3013.000000
-1856.000000
-63.000000
782.000000
1175.000000
1396.000000
1857.000000
-34.000000
-388.000000
-2066.000000
-3311.000000
-5024.000000
-5267.000000
-7703.000000
-3281.000000
-252.000000
-3968.000000
3762.000000
6744.000000
2608.000000
8523.000000
9506.000000
3386.000000
4555.000000
1780.000000
-2584.000000
-5250.000000
-5798.000000
-5215.000000
-6685.000000
-3888.000000
564.000000
473.000000
3259.000000
6407.000000
5265.000000
5150.000000
5416.000000
2046.000000
-276.000000
-769.000000
-2971.000000
-4209.000000
-2977.000000
-2381.000000
-2145.000000
-170.000000
1007.000000
1307.000000
2032.000000
1775.000000
1196.000000
362.000000
-1217.000000
-1788.000000
-3517.000000
-4320.000000
-5053.000000
-4653.000000
-6514.000000
-843.000000
1775.000000
-1857.000000
5532.000000
7202.000000
2350.000000
7468.000000
7212.000000
1489.000000
2312.000000
287.000000
-3516.000000
-5252.000000
-4831.000000
-4081.000000
-5159.000000
-1989.000000
1717.000000
1251.000000
3649.000000
5606.000000
4056.000000
3488.000000
3323.000000
1256.000000
-564.000000
-885.000000
-1659.000000
-3007.000000
-1897.000000
-1514.000000
-1312.000000
91.000000
719.000000
1288.000000
1194.000000
1272.000000
1355.000000
288.000000
-897.000000
-1039.000000
-2354.000000
-2927.000000
-4599.000000
-2801.000000
-5217.000000
-3459.000000
3077.000000
-2146.000000
1543.000000
7056.000000
1189.000000
4154.000000
7492.000000
1536.000000
1666.000000
1336.000000
-1570.000000
-4203.000000
-4477.000000
-2698.000000
-4580.000000
-3253.000000
1374.000000
766.000000
1407.000000
4852.000000
3834.000000
2672.000000
4288.000000
2287.000000
294.000000
-37.000000
-996.000000
-2296.000000
-2104.000000
-1610.000000
-1298.000000
-350.000000
728.000000
1516.000000
2028.000000
2189.000000
2204.000000
940.000000
-92.000000
-718.000000
-1983.000000
-3175.000000
-3498.000000
-4089.000000
-3732.000000
-5582.000000
-1282.000000
1509.000000
-2406.000000
3208.000000
5192.000000
890.000000
5027.000000
5483.000000
894.000000
1589.000000
683.000000
-2088.000000
-3830.000000
-3170.000000
-2849.000000
-4303.000000
-1574.000000
711.000000
-76.000000
2090.000000
3858.000000
2895.000000
2940.000000
3056.000000
1859.000000
384.000000
110.000000
-925.000000
-1626.000000
-965.000000
-982.000000
216.000000
1223.000000
1180.000000
1822.000000
2076.000000
1062.000000
901.000000
167.000000
-737.000000
-1550.000000
-1976.000000
-2718.000000
-3715.000000
-3351.000000
-3527.000000
-4430.000000
-2558.000000
224.000000
-1212.000000
133.000000
3357.000000
1809.000000
2586.000000
4804.000000
3025.000000
1834.000000
1697.000000
-47.000000
-2137.000000
-2929.000000
-2873.000000
-3213.000000
-2941.000000
-634.000000
-171.000000
1171.000000
3031.000000
3419.000000
3701.000000
3709.000000
2859.000000
1827.000000
1022.000000
294.000000
-207.000000
-512.000000
-547.000000
-171.000000
95.000000
261.000000
570.000000
566.000000
777.000000
474.000000
-122.000000
-606.000000
-804.000000
-1904.000000
-2656.000000
-3012.000000
-3461.000000
-3708.000000
-4004.000000
-3705.000000
-1662.000000
-751.000000
-741.000000
2077.000000
3657.000000
1873.000000
4143.000000
4812.000000
1600.000000
1635.000000
1151.000000
-1938.000000
-2852.000000
-2551.000000
-2716.000000
-2798.000000
-1074.000000
1068.000000
1630.000000
2756.000000
4367.000000
3839.000000
3853.000000
3412.000000
2107.000000
1332.000000
278.000000
-393.000000
-728.000000
-1067.000000
-741.000000
-863.000000
-603.000000
43.000000
-95.000000
451.000000
281.000000
-41.000000
1.000000
-954.000000
-1497.000000
-2424.000000
-2994.000000
-2911.000000
-3414.000000
-3655.000000
-3012.000000
-2983.000000
-2409.000000
-635.000000
803.000000
1233.000000
2514.000000
3335.000000
2643.000000
2852.000000
2436.000000
967.000000
330.000000
-753.000000
-1844.000000
-2010.000000
-1973.000000
-1093.000000
-170.000000
1060.000000
2459.000000
2743.000000
3471.000000
3701.000000
2907.000000
2827.000000
1853.000000
309.000000
-34.000000
-834.000000
-1860.000000
-1452.000000
-1252.000000
-1210.000000
-741.000000
0.000000
38.000000
-299.000000
462.000000
-139.000000
-1083.000000
-872.000000
-1959.000000
-2564.000000
-2347.000000
-2369.000000
-2731.000000
-2190.000000
-1514.000000
-1708.000000
-1170.000000
138.000000
425.000000
1165.000000
1842.000000
1361.000000
1821.000000
1331.000000
971.000000
944.000000
120.000000
-158.000000
-158.000000
-727.000000
-198.000000
56.000000
453.000000
1324.000000
1573.000000
2061.000000
2278.000000
2055.000000
1793.000000
1196.000000
590.000000
87.000000
-582.000000
-936.000000
-954.000000
-866.000000
-721.000000
-708.000000
-432.000000
-437.000000
-661.000000
-576.000000
-681.000000
-925.000000
-904.000000
-885.000000
-1304.000000
-1128.000000
-961.000000
-1278.000000
-1067.000000
-910.000000
-1394.000000
-1194.000000
-845.000000
-1092.000000
-601.000000
435.000000
703.000000
1211.000000
1464.000000
1983.000000
1674.000000
1064.000000
1138.000000
619.000000
-50.000000
94.000000
-92.000000
-275.000000
227.000000
465.000000
652.000000
1409.000000
1326.000000
1336.000000
1532.000000
650.000000
187.000000
138.000000
-550.000000
-1017.000000
-588.000000
-683.000000
-847.000000
-483.000000
-158.000000
-394.000000
-825.000000
-287.000000
-475.000000
-1087.000000
-476.000000
-503.000000
-948.000000
-752.000000
-879.000000
-1249.000000
-1066.000000
-826.000000
-788.000000
-698.000000
-26.000000
59.000000
-200.000000
478.000000
227.000000
409.000000
478.000000
164.000000
410.000000
-27.000000
67.000000
657.000000
88.000000
311.000000
717.000000
392.000000
499.000000
680.000000
889.000000
626.000000
633.000000
1003.000000
617.000000
507.000000
744.000000
590.000000
380.000000
312.000000
392.000000
96.000000
-107.000000
176.000000
-235.000000
-490.000000
-184.000000
-592.000000
-703.000000
-612.000000
-849.000000
-572.000000
-736.000000
-702.000000
-573.000000
-784.000000
-851.000000
-859.000000
-1011.000000
-1075.000000
-720.000000
-834.000000
-721.000000
-520.000000
-709.000000
-447.000000
-240.000000
-452.000000
-273.000000
-77.000000
-147.000000
-88.000000
-208.000000
-49.000000
113.000000
-61.000000
666.000000
932.000000
877.000000
1578.000000
1424.000000
1325.000000
1432.000000
1170.000000
1070.000000
673.000000
726.000000
626.000000
-4.000000
169.000000
268.000000
-237.000000
-15.000000
280.000000
59.000000
276.000000
417.000000
205.000000
70.000000
-116.000000
-333.000000
-627.000000
-790.000000
-1043.000000
-1045.000000
-1138.000000
-1335.000000
-1000.000000
-1053.000000
-1089.000000
-854.000000
-972.000000
-765.000000
-632.000000
-805.000000
-510.000000
-624.000000
-441.000000
-481.000000
-415.000000
112.000000
-74.000000
220.000000
607.000000
340.000000
703.000000
798.000000
793.000000
994.000000
920.000000
1051.000000
942.000000
800.000000
842.000000
728.000000
684.000000
474.000000
573.000000
437.000000
279.000000
428.000000
349.000000
356.000000
334.000000
301.000000
453.000000
261.000000
134.000000
319.000000
42.000000
-26.000000
114.000000
-101.000000
-380.000000
-525.000000
-634.000000
-751.000000
-956.000000
-809.000000
-751.000000
-1074.000000
-795.000000
-636.000000
-812.000000
-653.000000
-419.000000
-612.000000
-445.000000
-276.000000
-242.000000
-315.000000
-170.000000
77.000000
50.000000
282.000000
668.000000
822.000000
850.000000
874.000000
845.000000
724.000000
538.000000
288.000000
36.000000
-44.000000
-325.000000
-430.000000
-300.000000
-128.000000
180.000000
508.000000
810.000000
916.000000
893.000000
906.000000
761.000000
567.000000
398.000000
89.000000
-94.000000
-124.000000
-356.000000
-149.000000
26.000000
-116.000000
147.000000
252.000000
69.000000
117.000000
201.000000
-130.000000
-228.000000
-446.000000
-759.000000
-715.000000
-842.000000
-830.000000
-681.000000
-568.000000
-426.000000
-270.000000
127.000000
121.000000
-52.000000
348.000000
129.000000
-330.000000
-230.000000
-154.000000
-503.000000
-343.000000
-114.000000
-339.000000
-285.000000
2.000000
81.000000
-9.000000
142.000000
497.000000
209.000000
110.000000
321.000000
65.000000
-156.000000
-197.000000
-147.000000
-128.000000
-68.000000
211.000000
384.000000
388.000000
742.000000
863.000000
807.000000
907.000000
910.000000
716.000000
485.000000
520.000000
341.000000
142.000000
202.000000
73.000000
-43.000000
-47.000000
-86.000000
-292.000000
-421.000000
-383.000000
-531.000000
-657.000000
-485.000000
-596.000000
-690.000000
-568.000000
-480.000000
-458.000000
-319.000000
-70.000000
-158.000000
-152.000000
103.000000
-234.000000
-198.000000
64.000000
-160.000000
-88.000000
35.000000
-161.000000
-212.000000
-210.000000
-135.000000
-239.000000
-240.000000
100.000000
-42.000000
-33.000000
342.000000
384.000000
351.000000
584.000000
770.000000
616.000000
576.000000
728.000000
612.000000
470.000000
514.000000
471.000000
494.000000
407.000000
317.000000
487.000000
261.000000
230.000000
298.000000
56.000000
-17.000000
86.000000
30.000000
-87.000000
-51.000000
-60.000000
-149.000000
8.000000
-100.000000
-162.000000
-29.000000
-138.000000
-233.000000
-170.000000
-247.000000
-467.000000
-394.000000
-205.000000
-418.000000
-277.000000
-15.000000
-328.000000
-346.000000
-79.000000
-245.000000
-211.000000
-34.000000
49.000000
85.000000
88.000000
87.000000
-56.000000
-86.000000
-209.000000
-215.000000
-78.000000
-132.000000
-35.000000
176.000000
231.000000
219.000000
245.000000
351.000000
263.000000
282.000000
349.000000
256.000000
160.000000
122.000000
206.000000
246.000000
257.000000
377.000000
