# Frecuencia de muestreo: 8000 Hz
16.000000
17.000000
10.000000
-7.000000
-7.000000
16.000000
35.000000
26.000000
-2.000000
-29.000000
-45.000000
-31.000000
-7.000000
-10.000000
-44.000000
-95.000000
-98.000000
-71.000000
-38.000000
-30.000000
-50.000000
-77.000000
-69.000000
-35.000000
-8.000000
-22.000000
-44.000000
-72.000000
-64.000000
-50.000000
-28.000000
-26.000000
-46.000000
-49.000000
-38.000000
7.000000
-41.000000
165.000000
-41.000000
68.000000
269.000000
37.000000
244.000000
327.000000
64.000000
321.000000
242.000000
52.000000
207.000000
3.000000
-73.000000
34.000000
-106.000000
-135.000000
-88.000000
-133.000000
-111.000000
1.000000
7.000000
35.000000
111.000000
103.000000
151.000000
175.000000
151.000000
111.000000
102.000000
16.000000
29.000000
12.000000
-95.000000
-72.000000
-168.000000
-217.000000
-147.000000
-227.000000
-194.000000
-171.000000
-218.000000
-131.000000
-98.000000
-71.000000
16.000000
-43.000000
-5.000000
-4.000000
-37.000000
72.000000
4.000000
52.000000
75.000000
-29.000000
64.000000
-9.000000
-41.000000
37.000000
-61.000000
17.000000
9.000000
-45.000000
1.000000
45.000000
17.000000
219.000000
261.000000
-25.000000
344.000000
158.000000
19.000000
460.000000
-48.000000
-113.000000
60.000000
-513.000000
-381.000000
-423.000000
-836.000000
-564.000000
-752.000000
-843.000000
-585.000000
-706.000000
-553.000000
-328.000000
-264.000000
-106.000000
128.000000
202.000000
355.000000
615.000000
640.000000
761.000000
853.000000
783.000000
869.000000
806.000000
642.000000
621.000000
360.000000
183.000000
110.000000
-102.000000
-250.000000
-329.000000
-542.000000
-634.000000
-635.000000
-730.000000
-736.000000
-709.000000
-836.000000
-680.000000
-706.000000
-735.000000
-143.000000
-735.000000
-181.000000
85.000000
-416.000000
458.000000
377.000000
128.000000
917.000000
498.000000
526.000000
896.000000
467.000000
618.000000
752.000000
437.000000
519.000000
481.000000
200.000000
265.000000
267.000000
-8.000000
120.000000
8.000000
-272.000000
-75.000000
-239.000000
-409.000000
-211.000000
-475.000000
-595.000000
-563.000000
-776.000000
-827.000000
-869.000000
-1131.000000
-1109.000000
-1256.000000
-1334.000000
-1312.000000
-1315.000000
-841.000000
-955.000000
-447.000000
181.000000
222.000000
1216.000000
1808.000000
1985.000000
2803.000000
2866.000000
2611.000000
2861.000000
2240.000000
1759.000000
1510.000000
584.000000
135.000000
-183.000000
-872.000000
-956.000000
-1048.000000
-1320.000000
-996.000000
-961.000000
-932.000000
-500.000000
-631.000000
-606.000000
-561.000000
-800.000000
-1109.000000
-1172.000000
-1930.000000
-1779.000000
-1516.000000
-2541.000000
-1133.000000
-1188.000000
-1208.000000
712.000000
735.000000
1412.000000
3118.000000
2588.000000
3185.000000
3608.000000
2625.000000
2661.000000
2281.000000
1051.000000
812.000000
241.000000
-837.000000
-685.000000
-1069.000000
-1494.000000
-803.000000
-1075.000000
-918.000000
-165.000000
-521.000000
-24.000000
242.000000
-72.000000
90.000000
26.000000
-745.000000
-673.000000
-1210.000000
-1882.000000
-1944.000000
-2454.000000
-1812.000000
-3038.000000
-1666.000000
-1424.000000
-1730.000000
482.000000
703.000000
925.000000
3203.000000
2601.000000
3139.000000
4175.000000
2791.000000
3085.000000
2835.000000
1221.000000
1233.000000
405.000000
-820.000000
-679.000000
-1198.000000
-1803.000000
-1067.000000
-1459.000000
-1231.000000
-317.000000
-637.000000
50.000000
545.000000
85.000000
650.000000
388.000000
-185.000000
-323.000000
-718.000000
-1870.000000
-1564.000000
-2721.000000
-2497.000000
-2361.000000
-3098.000000
-1518.000000
-1830.000000
-1118.000000
578.000000
544.000000
1834.000000
3055.000000
2679.000000
3769.000000
3534.000000
3079.000000
3146.000000
2312.000000
1506.000000
1112.000000
177.000000
-436.000000
-631.000000
-1166.000000
-1275.000000
-1007.000000
-1253.000000
-712.000000
-439.000000
-339.000000
93.000000
126.000000
-18.000000
49.000000
-522.000000
-628.000000
-1434.000000
-1765.000000
-2805.000000
-2137.000000
-2924.000000
-3308.000000
-1544.000000
-2633.000000
-1292.000000
553.000000
93.000000
2046.000000
3220.000000
2611.000000
4321.000000
3917.000000
3250.000000
3787.000000
2505.000000
1690.000000
1611.000000
210.000000
-322.000000
-458.000000
-1419.000000
-1305.000000
-972.000000
-1489.000000
-613.000000
-469.000000
-495.000000
321.000000
225.000000
139.000000
561.000000
-194.000000
-365.000000
-551.000000
-1346.000000
-1940.000000
-1995.000000
-3516.000000
-2578.000000
-3025.000000
-3853.000000
-1764.000000
-2594.000000
-1673.000000
532.000000
198.000000
1728.000000
3405.000000
2833.000000
4233.000000
4437.000000
3566.000000
3917.000000
3067.000000
1731.000000
1669.000000
377.000000
-623.000000
-598.000000
-1622.000000
-1836.000000
-1303.000000
-1959.000000
-1194.000000
-686.000000
-833.000000
30.000000
220.000000
-5.000000
473.000000
-80.000000
-610.000000
-691.000000
-1815.000000
-2274.000000
-3205.000000
-2530.000000
-3964.000000
-3558.000000
-2215.000000
-3547.000000
-1282.000000
71.000000
-429.000000
2524.000000
2853.000000
2761.000000
4782.000000
3760.000000
3605.000000
4031.000000
2286.000000
1806.000000
1425.000000
-210.000000
-471.000000
-810.000000
-1870.000000
-1403.000000
-1461.000000
-1852.000000
-737.000000
-880.000000
-672.000000
283.000000
-141.000000
216.000000
523.000000
-289.000000
-313.000000
-526.000000
-1672.000000
-1728.000000
-2398.000000
-3546.000000
-2430.000000
-3858.000000
-3330.000000
-2135.000000
-2949.000000
-1176.000000
142.000000
-26.000000
2287.000000
2938.000000
2973.000000
4438.000000
3981.000000
3630.000000
3944.000000
2648.000000
1881.000000
1617.000000
133.000000
-370.000000
-580.000000
-1544.000000
-1362.000000
-1202.000000
-1542.000000
-669.000000
-454.000000
-489.000000
472.000000
136.000000
247.000000
586.000000
-201.000000
-567.000000
-591.000000
-2203.000000
-1978.000000
-3394.000000
-3406.000000
-3169.000000
-4581.000000
-2611.000000
-3040.000000
-2564.000000
-60.000000
-240.000000
1248.000000
3372.000000
2837.000000
4370.000000
4729.000000
3879.000000
4269.000000
3507.000000
2089.000000
1985.000000
743.000000
-430.000000
-524.000000
-1444.000000
-1850.000000
-1200.000000
-1848.000000
-1100.000000
-626.000000
-751.000000
169.000000
321.000000
216.000000
672.000000
214.000000
-401.000000
-367.000000
-1411.000000
-2149.000000
-2365.000000
-3774.000000
-3277.000000
-3759.000000
-3929.000000
-2736.000000
-2875.000000
-1616.000000
-85.000000
325.000000
2201.000000
3178.000000
3598.000000
4609.000000
4415.000000
4131.000000
3959.000000
2998.000000
2286.000000
1458.000000
305.000000
-252.000000
-917.000000
-1375.000000
-1281.000000
-1423.000000
-1243.000000
-738.000000
-606.000000
-43.000000
363.000000
357.000000
601.000000
403.000000
-5.000000
-349.000000
-1113.000000
-1765.000000
-2492.000000
-3418.000000
-3903.000000
-3623.000000
-4726.000000
-3527.000000
-3294.000000
-3005.000000
-991.000000
-232.000000
810.000000
3040.000000
3252.000000
4296.000000
5106.000000
4494.000000
4700.000000
4133.000000
3007.000000
2497.000000
1372.000000
285.000000
-323.000000
-1049.000000
-1503.000000
-1373.000000
-1516.000000
-1182.000000
-720.000000
-408.000000
166.000000
593.000000
616.000000
833.000000
639.000000
70.000000
-223.000000
-1035.000000
-2001.000000
-2474.000000
-3649.000000
-4193.000000
-3245.000000
-5306.000000
-3319.000000
-3026.000000
-3293.000000
-333.000000
178.000000
842.000000
3797.000000
3435.000000
4423.000000
5753.000000
4559.000000
4822.000000
4604.000000
2735.000000
2627.000000
1502.000000
-20.000000
-72.000000
-976.000000
-1609.000000
-1016.000000
-1517.000000
-1156.000000
-373.000000
-519.000000
168.000000
700.000000
278.000000
827.000000
434.000000
-223.000000
-420.000000
-1194.000000
-2483.000000
-2495.000000
-4165.000000
-4090.000000
-3581.000000
-5464.000000
-2867.000000
-3400.000000
-2826.000000
-12.000000
125.000000
1538.000000
4274.000000
3592.000000
5241.000000
5980.000000
4706.000000
5449.000000
4626.000000
2842.000000
2913.000000
1383.000000
-93.000000
68.000000
-1195.000000
-1661.000000
-856.000000
-1730.000000
-908.000000
-203.000000
-494.000000
538.000000
790.000000
304.000000
1136.000000
206.000000
-160.000000
-545.000000
-1505.000000
-2735.000000
-2646.000000
-4760.000000
-3986.000000
-3678.000000
-6217.000000
-1980.000000
-3747.000000
-3010.000000
1372.000000
-351.000000
1978.000000
5362.000000
2884.000000
5928.000000
6196.000000
4227.000000
5648.000000
4182.000000
2385.000000
2710.000000
995.000000
-458.000000
-17.000000
-1286.000000
-1867.000000
-569.000000
-1861.000000
-847.000000
66.000000
-707.000000
798.000000
781.000000
178.000000
1239.000000
33.000000
-363.000000
-438.000000
-1782.000000
-2704.000000
-2653.000000
-4736.000000
-4360.000000
-3433.000000
-6082.000000
-2746.000000
-3175.000000
-3166.000000
406.000000
328.000000
1450.000000
4759.000000
3739.000000
5327.000000
6313.000000
4951.000000
5263.000000
4938.000000
2723.000000
2722.000000
1505.000000
-445.000000
-197.000000
-1204.000000
-2202.000000
-982.000000
-1888.000000
-1365.000000
-254.000000
-707.000000
197.000000
741.000000
151.000000
778.000000
298.000000
-502.000000
-622.000000
-1582.000000
-2616.000000
-2958.000000
-4255.000000
-4731.000000
-3508.000000
-5892.000000
-3448.000000
-3017.000000
-3558.000000
-71.000000
520.000000
1019.000000
4611.000000
3928.000000
4998.000000
6529.000000
4978.000000
5351.000000
5013.000000
3054.000000
2687.000000
1684.000000
-184.000000
-314.000000
-977.000000
-2070.000000
-1165.000000
-1599.000000
-1502.000000
-270.000000
-575.000000
159.000000
717.000000
404.000000
709.000000
595.000000
-346.000000
-261.000000
-1452.000000
-2094.000000
-3033.000000
-3400.000000
-5350.000000
-3452.000000
-4737.000000
-5489.000000
-1882.000000
-3948.000000
-1887.000000
1475.000000
14.000000
3164.000000
5288.000000
3566.000000
6643.000000
5939.000000
4561.000000
5835.000000
3816.000000
2315.000000
2549.000000
118.000000
-776.000000
-483.000000
-2227.000000
-1860.000000
-1015.000000
-2168.000000
-521.000000
-76.000000
-458.000000
1142.000000
862.000000
602.000000
1342.000000
319.000000
-492.000000
-26.000000
-2307.000000
-2206.000000
-3408.000000
-3971.000000
-5941.000000
-3402.000000
-5357.000000
-5951.000000
-1404.000000
-4543.000000
-1754.000000
2197.000000
-328.000000
3871.000000
6004.000000
3463.000000
7530.000000
6092.000000
4504.000000
6094.000000
3433.000000
1944.000000
2206.000000
-477.000000
-1342.000000
-1046.000000
-2734.000000
-2303.000000
-1129.000000
-2569.000000
-303.000000
84.000000
-384.000000
1943.000000
1089.000000
970.000000
2090.000000
282.000000
-89.000000
213.000000
-2424.000000
-2289.000000
-3104.000000
-5163.000000
-4987.000000
-5705.000000
-4239.000000
-6653.000000
-2966.000000
-3150.000000
-3423.000000
1375.000000
857.000000
1785.000000
6199.000000
4191.000000
5869.000000
7401.000000
4641.000000
5459.000000
4761.000000
1882.000000
1850.000000
689.000000
-1838.000000
-1160.000000
-2178.000000
-3275.000000
-1318.000000
-2315.000000
-1512.000000
373.000000
-669.000000
1084.000000
1569.000000
765.000000
1652.000000
1218.000000
-530.000000
334.000000
-1805.000000
-2553.000000
-3183.000000
-4128.000000
-6397.000000
-4236.000000
-4829.000000
-7342.000000
-1373.000000
-4467.000000
-2994.000000
2387.000000
-286.000000
2732.000000
6625.000000
3177.000000
6893.000000
6973.000000
4107.000000
6124.000000
4034.000000
1313.000000
2593.000000
-460.000000
-1805.000000
-786.000000
-3177.000000
-2833.000000
-1053.000000
-3091.000000
-492.000000
147.000000
-767.000000
1911.000000
1309.000000
905.000000
2321.000000
818.000000
-202.000000
526.000000
-1898.000000
-2407.000000
-2634.000000
-4804.000000
-5067.000000
-5610.000000
-3957.000000
-6826.000000
-3189.000000
-2722.000000
-4053.000000
1215.000000
1058.000000
1036.000000
6356.000000
4114.000000
5377.000000
7529.000000
4494.000000
5242.000000
4988.000000
1735.000000
1970.000000
727.000000
-1859.000000
-1000.000000
-2026.000000
-3358.000000
-1083.000000
-2263.000000
-1651.000000
676.000000
-782.000000
1210.000000
1863.000000
690.000000
1998.000000
1335.000000
-433.000000
418.000000
-1444.000000
-2822.000000
-2473.000000
-4677.000000
-5332.000000
-5421.000000
-4067.000000
-6736.000000
-3157.000000
-2801.000000
-3822.000000
1085.000000
1203.000000
1246.000000
6090.000000
4413.000000
5222.000000
7556.000000
4656.000000
5152.000000
4987.000000
1759.000000
1937.000000
624.000000
-1631.000000
-1296.000000
-1872.000000
-3282.000000
-1284.000000
-2040.000000
-1652.000000
725.000000
-421.000000
1168.000000
2146.000000
761.000000
1998.000000
1562.000000
-267.000000
388.000000
-842.000000
-3151.000000
-1984.000000
-4689.000000
-4864.000000
-5435.000000
-4535.000000
-5547.000000
-4779.000000
-2093.000000
-3792.000000
-271.000000
1666.000000
854.000000
4603.000000
5302.000000
4235.000000
7294.000000
5433.000000
4629.000000
5405.000000
2503.000000
1840.000000
1276.000000
-1081.000000
-1253.000000
-1544.000000
-2832.000000
-1755.000000
-1558.000000
-1822.000000
245.000000
-94.000000
523.000000
1917.000000
938.000000
1472.000000
1768.000000
144.000000
28.000000
-196.000000
-2811.000000
-2045.000000
-3758.000000
-4868.000000
-4917.000000
-5312.000000
-4147.000000
-5946.000000
-2181.000000
-2947.000000
-2019.000000
1830.000000
1117.000000
2627.000000
6144.000000
3762.000000
6169.000000
6460.000000
4024.000000
5187.000000
3683.000000
1369.000000
1833.000000
-108.000000
-1579.000000
-793.000000
-2273.000000
-2317.000000
-731.000000
-1998.000000
-374.000000
606.000000
-194.000000
1731.000000
1437.000000
815.000000
2072.000000
454.000000
-206.000000
166.000000
-2075.000000
-2457.000000
-2685.000000
-4778.000000
-4619.000000
-5249.000000
-3784.000000
-5875.000000
-3053.000000
-2258.000000
-3248.000000
1135.000000
1275.000000
1283.000000
5762.000000
4072.000000
5056.000000
7106.000000
4141.000000
5110.000000
4368.000000
1777.000000
1930.000000
583.000000
-1155.000000
-1008.000000
-1618.000000
-2615.000000
-982.000000
-1597.000000
-1072.000000
692.000000
-37.000000
1120.000000
1922.000000
766.000000
1943.000000
1184.000000
-96.000000
257.000000
-1057.000000
-2686.000000
-1924.000000
-4463.000000
-4185.000000
-5185.000000
-4635.000000
-4295.000000
-5450.000000
-1901.000000
-3145.000000
-1562.000000
2080.000000
643.000000
3536.000000
5688.000000
3713.000000
6716.000000
5787.000000
4154.000000
5312.000000
3029.000000
1622.000000
1803.000000
-499.000000
-1064.000000
-1027.000000
-2454.000000
-1695.000000
-1187.000000
-1654.000000
200.000000
196.000000
530.000000
1860.000000
1267.000000
1580.000000
1950.000000
565.000000
445.000000
-99.000000
-1672.000000
-2121.000000
-2478.000000
-4633.000000
-3591.000000
-5677.000000
-3713.000000
-4448.000000
-4764.000000
-1263.000000
-3315.000000
-472.000000
2031.000000
647.000000
4272.000000
5032.000000
3893.000000
6672.000000
5243.000000
4104.000000
5299.000000
2342.000000
1774.000000
1781.000000
-1205.000000
-532.000000
-1478.000000
-2653.000000
-1149.000000
-1789.000000
-1490.000000
329.000000
-456.000000
944.000000
1734.000000
1081.000000
1860.000000
1790.000000
314.000000
852.000000
-495.000000
-1501.000000
-1798.000000
-2795.000000
-4016.000000
-3332.000000
-5840.000000
-3630.000000
-3672.000000
-5574.000000
-799.000000
-3028.000000
-1625.000000
2398.000000
326.000000
3018.000000
5680.000000
3024.000000
6317.000000
5597.000000
3643.000000
5294.000000
3093.000000
1444.000000
2177.000000
-401.000000
-1177.000000
-705.000000
-2469.000000
-2138.000000
-851.000000
-2406.000000
-140.000000
48.000000
-317.000000
1867.000000
1066.000000
1114.000000
2276.000000
426.000000
597.000000
336.000000
-1398.000000
-1604.000000
-1966.000000
-3756.000000
-3645.000000
-4151.000000
-5603.000000
-2520.000000
-5701.000000
-3200.000000
-1617.000000
-3528.000000
747.000000
1349.000000
835.000000
5164.000000
4022.000000
4490.000000
6674.000000
4451.000000
4634.000000
4764.000000
1900.000000
2013.000000
910.000000
-1342.000000
-952.000000
-1809.000000
-2826.000000
-1492.000000
-1992.000000
-1658.000000
-118.000000
-286.000000
703.000000
1511.000000
1305.000000
1698.000000
1745.000000
565.000000
821.000000
-209.000000
-1373.000000
-1334.000000
-2563.000000
-3808.000000
-3144.000000
-5424.000000
-4308.000000
-2995.000000
-6249.000000
-1646.000000
-2540.000000
-3059.000000
1931.000000
614.000000
1714.000000
6030.000000
3376.000000
5731.000000
6786.000000
3966.000000
5383.000000
4303.000000
1386.000000
2303.000000
71.000000
-1668.000000
-989.000000
-2612.000000
-3163.000000
-1384.000000
-2857.000000
-1488.000000
116.000000
-758.000000
1269.000000
1835.000000
1076.000000
2559.000000
1945.000000
782.000000
1717.000000
-211.000000
-955.000000
-810.000000
-2934.000000
-3228.000000
-3658.000000
-5156.000000
-5294.000000
-3349.000000
-5965.000000
-3387.000000
-2000.000000
-3757.000000
595.000000
1375.000000
946.000000
5464.000000
4546.000000
4830.000000
7348.000000
4764.000000
4974.000000
4998.000000
1899.000000
1697.000000
897.000000
-1901.000000
-1586.000000
-2257.000000
-3845.000000
-2194.000000
-2569.000000
-2563.000000
-50.000000
-704.000000
713.000000
2190.000000
1324.000000
2685.000000
2624.000000
1630.000000
2012.000000
1006.000000
-454.000000
-530.000000
-2073.000000
-3245.000000
-3467.000000
-4821.000000
-5323.000000
-5450.000000
-3804.000000
-5942.000000
-2910.000000
-2243.000000
-2987.000000
1534.000000
1351.000000
2197.000000
6039.000000
4441.000000
5892.000000
6701.000000
4460.000000
5000.000000
3690.000000
1369.000000
1149.000000
-604.000000
-2694.000000
-2182.000000
-3553.000000
-3952.000000
-2326.000000
-2912.000000
-1737.000000
211.000000
-74.000000
1720.000000
2683.000000
2157.000000
3461.000000
2960.000000
1994.000000
1877.000000
623.000000
-1051.000000
-1070.000000
-2944.000000
-3973.000000
-4164.000000
-5600.000000
-5698.000000
-5328.000000
-3980.000000
-5362.000000
-2242.000000
-1713.000000
-1774.000000
2174.000000
2368.000000
2938.000000
6369.000000
4854.000000
5755.000000
6554.000000
4079.000000
4314.000000
3279.000000
368.000000
599.000000
-1392.000000
-3145.000000
-2369.000000
-3890.000000
-3657.000000
-2092.000000
-2802.000000
-1016.000000
335.000000
243.000000
2185.000000
2660.000000
2313.000000
3416.000000
2657.000000
1619.000000
1677.000000
-22.000000
-1384.000000
-1499.000000
-3582.000000
-4072.000000
-4304.000000
-5619.000000
-5357.000000
-5144.000000
-3443.000000
-4928.000000
-1657.000000
-1201.000000
-1331.000000
2583.000000
2386.000000
2904.000000
6442.000000
4457.000000
5600.000000
6268.000000
3691.000000
4017.000000
2964.000000
291.000000
408.000000
-1212.000000
-2779.000000
-2358.000000
-3151.000000
-3494.000000
-1738.000000
-2019.000000
-958.000000
1036.000000
581.000000
2386.000000
3011.000000
2388.000000
3470.000000
2660.000000
1404.000000
1659.000000
-325.000000
-1336.000000
-1675.000000
-3487.000000
-3798.000000
-4033.000000
-4824.000000
-4474.000000
-4129.000000
-4809.000000
-1634.000000
-3255.000000
-1797.000000
1011.000000
-1305.000000
2124.000000
3572.000000
1682.000000
5543.000000
4638.000000
3483.000000
5894.000000
3153.000000
2748.000000
2946.000000
185.000000
51.000000
-677.000000
-2350.000000
-2167.000000
-2332.000000
-2819.000000
-1570.000000
-1248.000000
-793.000000
937.000000
835.000000
1821.000000
2611.000000
2052.000000
2738.000000
2219.000000
1181.000000
1032.000000
-298.000000
-1272.000000
-1722.000000
-2670.000000
-3441.000000
-3315.000000
-3900.000000
-4007.000000
-3277.000000
-4178.000000
-1586.000000
-2723.000000
-1978.000000
561.000000
-1250.000000
1252.000000
2986.000000
1320.000000
4562.000000
4435.000000
3245.000000
5381.000000
3511.000000
2688.000000
3357.000000
486.000000
418.000000
-230.000000
-2338.000000
-1848.000000
-2337.000000
-3051.000000
-1666.000000
-1784.000000
-1156.000000
480.000000
432.000000
1493.000000
2538.000000
1963.000000
2663.000000
2498.000000
1207.000000
1558.000000
204.000000
-935.000000
-1043.000000
-2459.000000
-2966.000000
-2807.000000
-3821.000000
-3175.000000
-3163.000000
-3255.000000
-3102.000000
-996.000000
-2615.000000
-893.000000
813.000000
-1069.000000
2042.000000
2636.000000
1659.000000
4822.000000
3949.000000
3284.000000
5232.000000
2745.000000
2684.000000
2744.000000
37.000000
306.000000
-945.000000
-2243.000000
-2122.000000
-2485.000000
-2791.000000
-1737.000000
-1424.000000
-941.000000
609.000000
824.000000
1596.000000
2455.000000
2181.000000
2460.000000
2335.000000
1313.000000
1110.000000
230.000000
-980.000000
-1173.000000
-2109.000000
-2697.000000
-2544.000000
-3041.000000
-2879.000000
-2810.000000
-2627.000000
-2968.000000
-916.000000
-2029.000000
-1459.000000
876.000000
-1228.000000
1165.000000
2496.000000
991.000000
3984.000000
3713.000000
2695.000000
4682.000000
2803.000000
2241.000000
2572.000000
418.000000
-124.000000
-562.000000
-1951.000000
-2148.000000
-2040.000000
-2527.000000
-1797.000000
-1224.000000
-1047.000000
361.000000
746.000000
1426.000000
2188.000000
2166.000000
2336.000000
2321.000000
1575.000000
1171.000000
752.000000
-426.000000
-910.000000
-1078.000000
-2413.000000
-1969.000000
-2338.000000
-2811.000000
-2056.000000
-2522.000000
-2599.000000
-1587.000000
-1275.000000
-2020.000000
-91.000000
-460.000000
-517.000000
1735.000000
1188.000000
1757.000000
3629.000000
2247.000000
3152.000000
3462.000000
1666.000000
2266.000000
1442.000000
-413.000000
7.000000
-1109.000000
-2317.000000
-1464.000000
-2365.000000
-2225.000000
-1011.000000
-1280.000000
-295.000000
913.000000
748.000000
1782.000000
2371.000000
1773.000000
2529.000000
2077.000000
1073.000000
1365.000000
261.000000
-718.000000
-298.000000
-1558.000000
-1859.000000
-1496.000000
-2424.000000
-1877.000000
-1981.000000
-2206.000000
-2046.000000
-887.000000
-1810.000000
-1239.000000
132.000000
-1341.000000
487.000000
1409.000000
421.000000
2714.000000
2552.000000
1894.000000
3537.000000
1999.000000
1701.000000
2147.000000
138.000000
-90.000000
-191.000000
-1872.000000
-1580.000000
-1540.000000
-2376.000000
-1215.000000
-799.000000
-1067.000000
716.000000
786.000000
929.000000
2488.000000
1751.000000
1893.000000
2592.000000
1120.000000
1383.000000
1214.000000
-339.000000
64.000000
-598.000000
-1598.000000
-1154.000000
-1775.000000
-2018.000000
-1658.000000
-2209.000000
-2341.000000
-954.000000
-2121.000000
-1724.000000
-133.000000
-1768.000000
-93.000000
1096.000000
-103.000000
2235.000000
2303.000000
1543.000000
3370.000000
2120.000000
1669.000000
2304.000000
570.000000
271.000000
165.000000
-1365.000000
-1106.000000
-1458.000000
-2010.000000
-900.000000
-1234.000000
-579.000000
323.000000
477.000000
1279.000000
1694.000000
1849.000000
2020.000000
2048.000000
1632.000000
1401.000000
1097.000000
306.000000
-15.000000
-397.000000
-1092.000000
-1352.000000
-1559.000000
-1967.000000
-2121.000000
-2464.000000
-2527.000000
-1543.000000
-2872.000000
-1644.000000
-918.000000
-2211.000000
284.000000
280.000000
-69.000000
2623.000000
1572.000000
1944.000000
3301.000000
1530.000000
2081.000000
2019.000000
249.000000
547.000000
-163.000000
-1577.000000
-1214.000000
-1534.000000
-2276.000000
-1154.000000
-1117.000000
-1007.000000
458.000000
573.000000
1152.000000
2270.000000
1986.000000
2347.000000
2580.000000
1712.000000
1700.000000
1385.000000
150.000000
185.000000
-562.000000
-1527.000000
-1416.000000
-2006.000000
-2439.000000
-2305.000000
-3055.000000
-2565.000000
-1968.000000
-3096.000000
-1478.000000
-1488.000000
-2015.000000
387.000000
11.000000
410.000000
2591.000000
1500.000000
2313.000000
3090.000000
1789.000000
2270.000000
1967.000000
418.000000
507.000000
-296.000000
-1395.000000
-1273.000000
-1669.000000
-1918.000000
-1421.000000
-1090.000000
-848.000000
195.000000
678.000000
1274.000000
2104.000000
2276.000000
2432.000000
2512.000000
2075.000000
1649.000000
1300.000000
379.000000
-183.000000
-692.000000
-1536.000000
-1851.000000
-2040.000000
-2569.000000
-2497.000000
-2777.000000
-2607.000000
-1634.000000
-2752.000000
-1168.000000
-948.000000
-1567.000000
677.000000
354.000000
559.000000
2620.000000
1618.000000
2271.000000
3057.000000
1676.000000
2114.000000
1842.000000
312.000000
538.000000
-306.000000
-1310.000000
-1301.000000
-1620.000000
-2267.000000
-1358.000000
-1053.000000
-1402.000000
430.000000
343.000000
670.000000
2393.000000
1818.000000
2292.000000
2987.000000
1699.000000
2032.000000
1577.000000
109.000000
197.000000
-758.000000
-1875.000000
-1638.000000
-2385.000000
-2793.000000
-2381.000000
-3123.000000
-2720.000000
-1655.000000
-2579.000000
-1267.000000
-609.000000
-1409.000000
578.000000
747.000000
507.000000
2472.000000
1878.000000
1902.000000
2996.000000
1808.000000
1830.000000
1957.000000
509.000000
384.000000
-23.000000
-1245.000000
-1296.000000
-1592.000000
-2254.000000
-1724.000000
-1603.000000
-1413.000000
-671.000000
26.000000
180.000000
1058.000000
1743.000000
1566.000000
2449.000000
2279.000000
1821.000000
2261.000000
1269.000000
798.000000
584.000000
-708.000000
-1037.000000
-1385.000000
-2187.000000
-1979.000000
-2290.000000
-2306.000000
-2120.000000
-1915.000000
-1954.000000
-1448.000000
-846.000000
-1581.000000
-120.000000
-240.000000
-465.000000
1185.000000
776.000000
1077.000000
2487.000000
1301.000000
1971.000000
2093.000000
868.000000
1264.000000
631.000000
-367.000000
-258.000000
-973.000000
-1570.000000
-1356.000000
-1593.000000
-1773.000000
-961.000000
-1015.000000
-759.000000
365.000000
128.000000
871.000000
1609.000000
1171.000000
1902.000000
2022.000000
1356.000000
1918.000000
1383.000000
570.000000
876.000000
-40.000000
-546.000000
-519.000000
-1230.000000
-1426.000000
-1332.000000
-1678.000000
-1683.000000
-1512.000000
-1689.000000
-1508.000000
-1395.000000
-999.000000
-1147.000000
-724.000000
-140.000000
-269.000000
518.000000
1066.000000
902.000000
1796.000000
1688.000000
1463.000000
1782.000000
1048.000000
650.000000
461.000000
-425.000000
-656.000000
-960.000000
-1368.000000
-1361.000000
-1338.000000
-1269.000000
-1048.000000
-687.000000
-471.000000
-57.000000
425.000000
627.000000
978.000000
1186.000000
1077.000000
1078.000000
893.000000
626.000000
402.000000
70.000000
-39.000000
-205.000000
-292.000000
-275.000000
-227.000000
-193.000000
-17.000000
89.000000
164.000000
260.000000
336.000000
534.000000
517.000000
923.000000
900.000000
1023.000000
1328.000000
1082.000000
1035.000000
914.000000
407.000000
233.000000
-207.000000
-675.000000
-982.000000
-1396.000000
-1619.000000
-1796.000000
-1889.000000
-1870.000000
-1793.000000
-1652.000000
-1347.000000
-1007.000000
-683.000000
-153.000000
195.000000
485.000000
894.000000
1088.000000
1059.000000
1296.000000
1255.000000
1017.000000
1108.000000
759.000000
527.000000
481.000000
98.000000
121.000000
7.000000
-145.000000
-76.000000
-155.000000
-110.000000
-132.000000
-79.000000
-59.000000
-87.000000
12.000000
66.000000
131.000000
264.000000
243.000000
178.000000
112.000000
10.000000
-128.000000
-148.000000
-248.000000
-409.000000
-460.000000
-656.000000
-767.000000
-779.000000
-833.000000
-784.000000
-628.000000
-434.000000
-192.000000
164.000000
401.000000
643.000000
966.000000
1028.000000
1166.000000
1267.000000
1077.000000
1024.000000
925.000000
660.000000
549.000000
231.000000
-114.000000
-297.000000
-522.000000
-583.000000
-544.000000
-475.000000
-508.000000
-356.000000
-323.000000
-232.000000
-15.000000
-5.000000
107.000000
215.000000
54.000000
250.000000
92.000000
-36.000000
49.000000
-233.000000
-229.000000
-309.000000
-413.000000
-559.000000
-425.000000
-739.000000
-662.000000
-408.000000
-694.000000
-219.000000
31.000000
1.000000
712.000000
821.000000
856.000000
1339.000000
1085.000000
1139.000000
1271.000000
927.000000
890.000000
737.000000
507.000000
397.000000
187.000000
-97.000000
-470.000000
-625.000000
-938.000000
-973.000000
-770.000000
-801.000000
-424.000000
-302.000000
-228.000000
-67.000000
-176.000000
-97.000000
-41.000000
12.000000
179.000000
323.000000
465.000000
533.000000
483.000000
380.000000
137.000000
19.000000
-103.000000
-162.000000
-103.000000
-26.000000
6.000000
28.000000
27.000000
-108.000000
-114.000000
-132.000000
-103.000000
97.000000
242.000000
433.000000
651.000000
657.000000
620.000000
463.000000
225.000000
98.000000
-16.000000
-96.000000
-94.000000
-108.000000
-276.000000
-340.000000
-458.000000
-584.000000
-540.000000
-593.000000
-530.000000
-329.000000
-282.000000
-105.000000
-8.000000
8.000000
185.000000
254.000000
281.000000
410.000000
291.000000
335.000000
422.000000
434.000000
451.000000
377.000000
233.000000
12.000000
-40.000000
-195.000000
-359.000000
-288.000000
-414.000000
-320.000000
-110.000000
-145.000000
-16.000000
77.000000
18.000000
147.000000
195.000000
203.000000
289.000000
307.000000
271.000000
290.000000
123.000000
-17.000000
-129.000000
-391.000000
-447.000000
-524.000000
-560.000000
-503.000000
-439.000000
-405.000000
-277.000000
-223.000000
-165.000000
-20.000000
-30.000000
73.000000
252.000000
354.000000
550.000000
709.000000
664.000000
598.000000
504.000000
259.000000
91.000000
50.000000
50.000000
129.000000
163.000000
64.000000
-132.000000
-312.000000
-527.000000
-569.000000
-476.000000
-422.000000
-100.000000
107.000000
289.000000
574.000000
516.000000
388.000000
204.000000
-67.000000
-51.000000
-55.000000
20.000000
169.000000
123.000000
92.000000
34.000000
-143.000000
-224.000000
-278.000000
-299.000000
-161.000000
-68.000000
113.000000
241.000000
287.000000
339.000000
360.000000
307.000000
276.000000
317.000000
303.000000
336.000000
375.000000
290.000000
275.000000
186.000000
95.000000
38.000000
-116.000000
-225.000000
-291.000000
-399.000000
-392.000000
-284.000000
-248.000000
-170.000000
-71.000000
-39.000000
-14.000000
83.000000
73.000000
99.000000
144.000000
111.000000
110.000000
103.000000
83.000000
100.000000
106.000000
114.000000
105.000000
66.000000
-41.000000
-126.000000
-172.000000
-175.000000
-70.000000
42.000000
90.000000
141.000000
114.000000
87.000000
37.000000
-42.000000
-78.000000
-117.000000
-66.000000
42.000000
143.000000
170.000000
123.000000
-4.000000
-192.000000
-264.000000
-369.000000
-376.000000
-237.000000
-227.000000
-164.000000
-155.000000
-300.000000
-258.000000
-245.000000
-268.000000
-75.000000
-67.000000
-51.000000
61.000000
43.000000
103.000000
206.000000
179.000000
144.000000
96.000000
15.000000
-45.000000
-23.000000
-114.000000
-189.000000
-154.000000
-250.000000
-186.000000
-100.000000
-118.000000
-19.000000
-1.000000
-39.000000
-52.000000
-82.000000
-57.000000
-20.000000
35.000000
49.000000
75.000000
33.000000
-74.000000
-60.000000
-137.000000
-201.000000
-242.000000
-326.000000
-374.000000
-380.000000
-416.000000
-442.000000
-422.000000
-432.000000
-324.000000
-183.000000
-94.000000
100.000000
207.000000
245.000000
302.000000
268.000000
244.000000
226.000000
153.000000
133.000000
76.000000
-9.000000
-52.000000
-140.000000
-246.000000
-279.000000
-318.000000
-311.000000
-245.000000
-270.000000
-240.000000
-188.000000
-220.000000
-161.000000
-93.000000
-79.000000
14.000000
115.000000
142.000000
243.000000
288.000000
292.000000
336.000000
266.000000
184.000000
82.000000
-85.000000
-187.000000
-256.000000
-358.000000
-378.000000
-340.000000
-308.000000
-222.000000
-124.000000
-129.000000
-110.000000
-67.000000
-73.000000
40.000000
178.000000
229.000000
324.000000
305.000000
203.000000
107.000000
-2.000000
-137.000000
-175.000000
-173.000000
-187.000000
-104.000000
-65.000000
-108.000000
-81.000000
-170.000000
-234.000000
-164.000000
-135.000000
-27.000000
112.000000
204.000000
265.000000
277.000000
198.000000
123.000000
68.000000
15.000000
36.000000
30.000000
-46.000000
-82.000000
-234.000000
-390.000000
-461.000000
-506.000000
-483.000000
-411.000000
-328.000000
-218.000000
-122.000000
-58.000000
58.000000
119.000000
136.000000
229.000000
224.000000
206.000000
275.000000
295.000000
283.000000
285.000000
218.000000
125.000000
36.000000
-59.000000
-110.000000
-93.000000
-136.000000
-106.000000
-31.000000
-22.000000
42.000000
72.000000
62.000000
42.000000
16.000000
17.000000
58.000000
115.000000
147.000000
189.000000
156.000000
49.000000
-40.000000
-182.000000
-368.000000
-426.000000
-446.000000
-428.000000
-342.000000
-319.000000
-294.000000
-234.000000
-195.000000
-72.000000
45.000000
140.000000
280.000000
324.000000
344.000000
335.000000
311.000000
287.000000
219.000000
161.000000
129.000000
43.000000
-28.000000
-44.000000
-139.000000
-174.000000
-119.000000
-127.000000
-50.000000
12.000000
-7.000000
6.000000
-33.000000
-32.000000
26.000000
93.000000
127.000000
142.000000
116.000000
22.000000
0.000000
-9.000000
-27.000000
-12.000000
-30.000000
-115.000000
-125.000000
-220.000000
-302.000000
-258.000000
-247.000000
-161.000000
-17.000000
54.000000
141.000000
229.000000
259.000000
329.000000
375.000000
413.000000
385.000000
326.000000
305.000000
253.000000
230.000000
132.000000
6.000000
-91.000000
-217.000000
-206.000000
-184.000000
-178.000000
-133.000000
-174.000000
-230.000000
-246.000000
-243.000000
-158.000000
-73.000000
-6.000000
86.000000
127.000000
142.000000
164.000000
157.000000
137.000000
107.000000
91.000000
76.000000
87.000000
97.000000
55.000000
11.000000
-74.000000
-115.000000
-152.000000
-162.000000
-113.000000
-69.000000
7.000000
128.000000
240.000000
284.000000
319.000000
336.000000
275.000000
255.000000
211.000000
115.000000
113.000000
56.000000
-10.000000
-2.000000
-40.000000
-50.000000
-114.000000
-228.000000
-282.000000
-316.000000
-272.000000
-170.000000
-93.000000
17.000000
128.000000
189.000000
234.000000
251.000000
253.000000
295.000000
324.000000
339.000000
366.000000
363.000000
333.000000
297.000000
200.000000
94.000000
-6.000000
-119.000000
-184.000000
-199.000000
-208.000000
-190.000000
-153.000000
-151.000000
-129.000000
-97.000000
-69.000000
4.000000
48.000000
69.000000
134.000000
117.000000
91.000000
95.000000
27.000000
6.000000
-5.000000
-41.000000
-33.000000
-48.000000
-97.000000
-115.000000
-121.000000
-127.000000
-51.000000
-1.000000
22.000000
105.000000
163.000000
213.000000
290.000000
274.000000
240.000000
203.000000
165.000000
173.000000
195.000000
209.000000
180.000000
140.000000
20.000000
-102.000000
-176.000000
-277.000000
-291.000000
-294.000000
-292.000000
-248.000000
-195.000000
-124.000000
-31.000000
6.000000
7.000000
17.000000
13.000000
