# Frecuencia de muestreo: 8000 Hz
-21.000000
-42.000000
-31.000000
-2.000000
-9.000000
-43.000000
-77.000000
-87.000000
-89.000000
-79.000000
-71.000000
-73.000000
-66.000000
-54.000000
-53.000000
-58.000000
-55.000000
-62.000000
-38.000000
-8.000000
-22.000000
-40.000000
-56.000000
-76.000000
-78.000000
-64.000000
-73.000000
-85.000000
-93.000000
-93.000000
-85.000000
-81.000000
-69.000000
-63.000000
-81.000000
-85.000000
-79.000000
-67.000000
-65.000000
-69.000000
-67.000000
-67.000000
-46.000000
-14.000000
2.000000
-19.000000
-48.000000
-68.000000
-81.000000
-96.000000
-101.000000
-109.000000
-109.000000
-110.000000
-116.000000
-120.000000
-141.000000
-138.000000
-127.000000
-135.000000
-153.000000
-152.000000
-143.000000
-144.000000
-135.000000
-130.000000
-141.000000
-152.000000
-128.000000
-99.000000
-88.000000
-81.000000
-98.000000
-109.000000
-112.000000
-87.000000
-67.000000
-86.000000
-107.000000
-110.000000
-92.000000
-82.000000
-64.000000
-63.000000
-76.000000
-89.000000
-72.000000
-53.000000
-55.000000
-45.000000
-31.000000
-11.000000
-24.000000
-33.000000
-43.000000
-40.000000
-14.000000
1.000000
-13.000000
-52.000000
-86.000000
-108.000000
-116.000000
-115.000000
-104.000000
-94.000000
-82.000000
-53.000000
-33.000000
-33.000000
-57.000000
-75.000000
-87.000000
-83.000000
-71.000000
-65.000000
-66.000000
-65.000000
-63.000000
-62.000000
-62.000000
-63.000000
-57.000000
-49.000000
-50.000000
-45.000000
-42.000000
-35.000000
-34.000000
-41.000000
-28.000000
-29.000000
-41.000000
-57.000000
-40.000000
-18.000000
-15.000000
-20.000000
-47.000000
-58.000000
-49.000000
-34.000000
-37.000000
-43.000000
-34.000000
-32.000000
-41.000000
-41.000000
-24.000000
-20.000000
-25.000000
-32.000000
-40.000000
-46.000000
-46.000000
-39.000000
-39.000000
-46.000000
-33.000000
-28.000000
-25.000000
-25.000000
-17.000000
9.000000
36.000000
61.000000
49.000000
18.000000
-15.000000
-37.000000
-32.000000
-16.000000
-18.000000
-21.000000
-30.000000
-31.000000
-28.000000
-30.000000
-53.000000
-74.000000
-62.000000
-46.000000
-36.000000
-44.000000
-65.000000
-86.000000
-72.000000
-41.000000
-37.000000
-44.000000
-51.000000
-50.000000
-49.000000
-44.000000
-43.000000
-56.000000
-52.000000
-47.000000
-43.000000
-45.000000
-58.000000
-64.000000
-64.000000
-50.000000
-31.000000
-32.000000
-51.000000
-72.000000
-51.000000
-12.000000
5.000000
-11.000000
-18.000000
-10.000000
8.000000
22.000000
18.000000
-2.000000
2.000000
14.000000
18.000000
9.000000
-18.000000
-31.000000
-38.000000
-42.000000
-42.000000
-30.000000
-39.000000
-31.000000
-1.000000
4.000000
-2.000000
5.000000
-9.000000
-10.000000
2.000000
19.000000
11.000000
-1.000000
11.000000
21.000000
3.000000
-30.000000
-48.000000
-44.000000
-29.000000
-37.000000
-41.000000
-50.000000
-59.000000
-40.000000
-22.000000
-20.000000
-19.000000
-34.000000
-44.000000
-22.000000
9.000000
24.000000
22.000000
10.000000
-8.000000
-1.000000
11.000000
32.000000
40.000000
21.000000
-16.000000
-29.000000
-10.000000
0.000000
15.000000
37.000000
36.000000
42.000000
70.000000
91.000000
111.000000
122.000000
116.000000
103.000000
105.000000
119.000000
116.000000
106.000000
104.000000
114.000000
125.000000
129.000000
123.000000
106.000000
94.000000
95.000000
83.000000
58.000000
38.000000
33.000000
50.000000
82.000000
89.000000
79.000000
60.000000
47.000000
42.000000
21.000000
-2.000000
-16.000000
-6.000000
10.000000
24.000000
-11.000000
-47.000000
-54.000000
-56.000000
-52.000000
-34.000000
-29.000000
-36.000000
-27.000000
-2.000000
22.000000
43.000000
58.000000
52.000000
50.000000
69.000000
101.000000
118.000000
108.000000
95.000000
86.000000
84.000000
68.000000
50.000000
50.000000
62.000000
72.000000
64.000000
51.000000
40.000000
46.000000
75.000000
100.000000
98.000000
74.000000
52.000000
38.000000
32.000000
50.000000
56.000000
28.000000
-3.000000
-19.000000
-6.000000
20.000000
24.000000
10.000000
-16.000000
-31.000000
-35.000000
-28.000000
-29.000000
-29.000000
-7.000000
0.000000
-1.000000
25.000000
29.000000
14.000000
-2.000000
-26.000000
-16.000000
-2.000000
-4.000000
-6.000000
-19.000000
-40.000000
-44.000000
-28.000000
-2.000000
17.000000
32.000000
27.000000
24.000000
20.000000
15.000000
28.000000
32.000000
24.000000
26.000000
20.000000
12.000000
27.000000
41.000000
36.000000
22.000000
1.000000
-13.000000
-3.000000
11.000000
12.000000
6.000000
-17.000000
-17.000000
6.000000
31.000000
39.000000
37.000000
26.000000
12.000000
23.000000
51.000000
85.000000
115.000000
114.000000
75.000000
20.000000
-18.000000
-3.000000
23.000000
35.000000
-11.000000
-45.000000
-55.000000
-25.000000
-25.000000
6.000000
-22.000000
48.000000
174.000000
318.000000
480.000000
517.000000
413.000000
257.000000
-9.000000
-274.000000
-492.000000
-745.000000
-917.000000
-1055.000000
-1088.000000
-909.000000
-630.000000
-229.000000
252.000000
663.000000
1026.000000
1264.000000
1368.000000
1320.000000
1116.000000
806.000000
428.000000
-56.000000
-493.000000
-878.000000
-1194.000000
-1382.000000
-1439.000000
-1350.000000
-1130.000000
-816.000000
-399.000000
41.000000
497.000000
906.000000
1205.000000
1363.000000
1376.000000
1243.000000
1013.000000
683.000000
331.000000
-36.000000
-392.000000
-689.000000
-893.000000
-1010.000000
-1021.000000
-911.000000
-706.000000
-488.000000
-255.000000
6.000000
225.000000
376.000000
507.000000
579.000000
594.000000
699.000000
815.000000
972.000000
1073.000000
1043.000000
866.000000
516.000000
26.000000
-440.000000
-901.000000
-1263.000000
-1481.000000
-1604.000000
-1329.000000
-876.000000
-322.000000
273.000000
626.000000
869.000000
1060.000000
981.000000
829.000000
438.000000
-147.000000
-697.000000
-1272.000000
-1692.000000
-1929.000000
-2062.000000
-1882.000000
-1536.000000
-1048.000000
-392.000000
248.000000
850.000000
1420.000000
1831.000000
2175.000000
2313.000000
2240.000000
2006.000000
1548.000000
924.000000
260.000000
-411.000000
-891.000000
-1220.000000
-1342.000000
-1306.000000
-1208.000000
-1072.000000
-966.000000
-921.000000
-907.000000
-927.000000
-969.000000
-1012.000000
-1179.000000
-1237.000000
-1235.000000
-1026.000000
-570.000000
-24.000000
600.000000
1224.000000
1702.000000
2085.000000
2216.000000
2063.000000
1733.000000
1100.000000
406.000000
-231.000000
-762.000000
-957.000000
-852.000000
-497.000000
99.000000
712.000000
1289.000000
1705.000000
1816.000000
1748.000000
1448.000000
963.000000
311.000000
-527.000000
-1456.000000
-2358.000000
-3186.000000
-3751.000000
-4170.000000
-4342.000000
-4007.000000
-3295.000000
-2008.000000
-392.000000
1288.000000
2797.000000
3934.000000
4552.000000
4776.000000
4342.000000
3528.000000
2304.000000
833.000000
-677.000000
-2026.000000
-3176.000000
-3716.000000
-3872.000000
-3177.000000
-1830.000000
-120.000000
1762.000000
3380.000000
4380.000000
4896.000000
4630.000000
3873.000000
2657.000000
1057.000000
-648.000000
-2368.000000
-3974.000000
-5080.000000
-5828.000000
-5943.000000
-5631.000000
-4970.000000
-3703.000000
-2180.000000
-302.000000
1621.000000
3251.000000
4449.000000
5172.000000
5201.000000
4937.000000
3983.000000
2791.000000
1230.000000
-471.000000
-2134.000000
-3397.000000
-4393.000000
-4502.000000
-4209.000000
-2949.000000
-1066.000000
986.000000
3104.000000
4701.000000
5484.000000
5737.000000
5083.000000
3958.000000
2535.000000
699.000000
-1030.000000
-2809.000000
-4459.000000
-5585.000000
-6365.000000
-6500.000000
-6143.000000
-5461.000000
-4113.000000
-2529.000000
-522.000000
1556.000000
3357.000000
4704.000000
5537.000000
5590.000000
5314.000000
4354.000000
3093.000000
1472.000000
-322.000000
-2060.000000
-3515.000000
-4657.000000
-4961.000000
-4724.000000
-3305.000000
-1321.000000
1026.000000
3324.000000
5082.000000
6080.000000
6423.000000
5765.000000
4705.000000
3104.000000
1243.000000
-631.000000
-2609.000000
-4388.000000
-5779.000000
-6831.000000
-7189.000000
-7116.000000
-6469.000000
-5177.000000
-3361.000000
-1090.000000
1340.000000
3429.000000
5100.000000
6053.000000
6388.000000
6114.000000
5180.000000
3810.000000
1987.000000
-122.000000
-2112.000000
-3902.000000
-5077.000000
-5563.000000
-5080.000000
-3631.000000
-1406.000000
1130.000000
3638.000000
5519.000000
6647.000000
6845.000000
6237.000000
4981.000000
3311.000000
1405.000000
-595.000000
-2648.000000
-4550.000000
-6183.000000
-7298.000000
-7883.000000
-7781.000000
-7091.000000
-5706.000000
-3652.000000
-1116.000000
1444.000000
3787.000000
5454.000000
6461.000000
6781.000000
6446.000000
5545.000000
4094.000000
2149.000000
38.000000
-2075.000000
-3898.000000
-5098.000000
-5708.000000
-5234.000000
-3786.000000
-1559.000000
1191.000000
3747.000000
5762.000000
6976.000000
7125.000000
6488.000000
5181.000000
3375.000000
1465.000000
-633.000000
-2639.000000
-4511.000000
-6233.000000
-7413.000000
-8112.000000
-8102.000000
-7397.000000
-6041.000000
-3932.000000
-1270.000000
1448.000000
3975.000000
5739.000000
6819.000000
7244.000000
6886.000000
5998.000000
4537.000000
2490.000000
248.000000
-2121.000000
-4160.000000
-5500.000000
-6152.000000
-5608.000000
-4207.000000
-1889.000000
960.000000
3721.000000
5985.000000
7442.000000
7714.000000
7190.000000
5741.000000
3898.000000
1838.000000
-423.000000
-2652.000000
-4816.000000
-6833.000000
-8243.000000
-9143.000000
-9139.000000
-8394.000000
-6798.000000
-4221.000000
-1147.000000
2007.000000
4825.000000
6718.000000
7911.000000
8314.000000
7838.000000
6796.000000
4918.000000
2484.000000
-207.000000
-2957.000000
-5202.000000
-6612.000000
-7194.000000
-6458.000000
-4622.000000
-1823.000000
1564.000000
4708.000000
7134.000000
8509.000000
8606.000000
7732.000000
6035.000000
3846.000000
1534.000000
-915.000000
-3343.000000
-5646.000000
-7726.000000
-9165.000000
-9872.000000
-9691.000000
-8646.000000
-6725.000000
-3857.000000
-598.000000
2764.000000
5545.000000
7325.000000
8273.000000
8435.000000
7779.000000
6587.000000
4538.000000
2099.000000
-674.000000
-3472.000000
-5703.000000
-7108.000000
-7598.000000
-6706.000000
-4667.000000
-1587.000000
2028.000000
5393.000000
7932.000000
9212.000000
9119.000000
8002.000000
6060.000000
3741.000000
1354.000000
-1072.000000
-3476.000000
-5824.000000
-7947.000000
-9424.000000
-10139.000000
-9831.000000
-8748.000000
-6840.000000
-3950.000000
-782.000000
2656.000000
5483.000000
7171.000000
8121.000000
8306.000000
7737.000000
6842.000000
4986.000000
2628.000000
-152.000000
-3108.000000
-5489.000000
-7085.000000
-7783.000000
-7010.000000
-5130.000000
-1983.000000
1733.000000
5253.000000
7954.000000
9313.000000
9272.000000
8241.000000
6310.000000
4104.000000
1826.000000
-478.000000
-2877.000000
-5381.000000
-7788.000000
-9547.000000
-10524.000000
-10359.000000
-9308.000000
-7629.000000
-4846.000000
-1688.000000
1685.000000
4801.000000
6785.000000
7883.000000
8332.000000
7979.000000
7408.000000
6012.000000
3825.000000
1218.000000
-1922.000000
-4723.000000
-6722.000000
-7895.000000
-7471.000000
-5925.000000
-2991.000000
657.000000
4251.000000
7170.000000
8886.000000
9123.000000
8448.000000
6827.000000
4931.000000
2798.000000
530.000000
-1870.000000
-4520.000000
-7111.000000
-9198.000000
-10525.000000
-10709.000000
-9827.000000
-8327.000000
-5884.000000
-2727.000000
560.000000
3920.000000
6249.000000
7566.000000
8251.000000
8227.000000
7710.000000
6708.000000
4635.000000
2173.000000
-929.000000
-3933.000000
-6273.000000
-7781.000000
-7924.000000
-6675.000000
-4011.000000
-457.000000
3250.000000
6389.000000
8356.000000
8943.000000
8523.000000
7201.000000
5529.000000
3515.000000
1352.000000
-1006.000000
-3714.000000
-6390.000000
-8703.000000
-10277.000000
-10725.000000
-10142.000000
-8801.000000
-6749.000000
-3797.000000
-693.000000
2717.000000
5415.000000
7096.000000
7951.000000
8240.000000
7820.000000
7204.000000
5475.000000
3203.000000
233.000000
-2939.000000
-5657.000000
-7415.000000
-7976.000000
-7089.000000
-4756.000000
-1442.000000
2222.000000
5522.000000
7747.000000
8662.000000
8470.000000
7322.000000
5790.000000
3921.000000
1903.000000
-255.000000
-2897.000000
-5627.000000
-8142.000000
-10075.000000
-10913.000000
-10690.000000
-9534.000000
-7642.000000
-4689.000000
-1457.000000
2097.000000
5074.000000
7031.000000
8071.000000
8508.000000
8089.000000
7523.000000
5949.000000
3736.000000
849.000000
-2395.000000
-5357.000000
-7187.000000
-8070.000000
-7181.000000
-4999.000000
-1797.000000
1921.000000
5256.000000
7533.000000
8672.000000
8433.000000
7417.000000
5844.000000
3947.000000
1978.000000
-203.000000
-2747.000000
-5362.000000
-7913.000000
-9825.000000
-10796.000000
-10763.000000
-9661.000000
-7962.000000
-5004.000000
-1651.000000
1882.000000
5060.000000
7119.000000
8141.000000
8645.000000
8208.000000
7613.000000
6133.000000
3877.000000
1202.000000
-2036.000000
-4923.000000
-6937.000000
-8059.000000
-7519.000000
-5490.000000
-2411.000000
1436.000000
4848.000000
7338.000000
8567.000000
8469.000000
7511.000000
6021.000000
4177.000000
2354.000000
271.000000
-2104.000000
-4732.000000
-7269.000000
-9458.000000
-10621.000000
-10858.000000
-9786.000000
-8193.000000
-5341.000000
-2057.000000
1305.000000
4446.000000
6608.000000
7701.000000
8346.000000
8092.000000
7658.000000
6578.000000
4487.000000
1986.000000
-1214.000000
-4229.000000
-6393.000000
-7679.000000
-7456.000000
-5576.000000
-2753.000000
951.000000
4222.000000
6609.000000
7780.000000
7741.000000
6858.000000
5663.000000
4050.000000
2443.000000
547.000000
-1716.000000
-4242.000000
-6823.000000
-9073.000000
-10464.000000
-10865.000000
-10095.000000
-8532.000000
-5686.000000
-2333.000000
1133.000000
4380.000000
6495.000000
7667.000000
8295.000000
8052.000000
7599.000000
6480.000000
4450.000000
1995.000000
-1200.000000
-4174.000000
-6346.000000
-7616.000000
-7161.000000
-5323.000000
-2431.000000
1105.000000
4175.000000
6456.000000
7570.000000
7449.000000
6687.000000
5381.000000
3856.000000
2281.000000
384.000000
-1746.000000
-4232.000000
-6674.000000
-8778.000000
-10207.000000
-10568.000000
-9886.000000
-8487.000000
-5625.000000
-2355.000000
1216.000000
4507.000000
6503.000000
7599.000000
8007.000000
7661.000000
7316.000000
6215.000000
4372.000000
2035.000000
-1140.000000
-4008.000000
-6220.000000
-7515.000000
-6998.000000
-5212.000000
-2262.000000
1297.000000
4333.000000
6618.000000
7603.000000
7376.000000
6513.000000
5083.000000
3541.000000
1956.000000
180.000000
-1792.000000
-4062.000000
-6508.000000
-8646.000000
-10182.000000
-10566.000000
-9977.000000
-8524.000000
-5670.000000
-2437.000000
1144.000000
4350.000000
6418.000000
7597.000000
8140.000000
7954.000000
7712.000000
6605.000000
4848.000000
2417.000000
-792.000000
-3808.000000
-6166.000000
-7506.000000
-7140.000000
-5416.000000
-2440.000000
1069.000000
4200.000000
6540.000000
7570.000000
7427.000000
6582.000000
5248.000000
3821.000000
2221.000000
485.000000
-1539.000000
-3862.000000
-6325.000000
-8566.000000
-10161.000000
-10601.000000
-10110.000000
-8754.000000
-5831.000000
-2733.000000
963.000000
4143.000000
6193.000000
7368.000000
7969.000000
7767.000000
7710.000000
6585.000000
5001.000000
2579.000000
-610.000000
-3579.000000
-5929.000000
-7360.000000
-6909.000000
-5396.000000
-2488.000000
863.000000
3872.000000
6179.000000
7270.000000
7181.000000
6544.000000
5263.000000
4021.000000
2528.000000
893.000000
-1099.000000
-3490.000000
-6029.000000
-8416.000000
-10235.000000
-10714.000000
-10517.000000
-9045.000000
-6072.000000
-2904.000000
1038.000000
4297.000000
6384.000000
7741.000000
8184.000000
8054.000000
7934.000000
6637.000000
5052.000000
2461.000000
-787.000000
-3708.000000
-6198.000000
-7524.000000
-7122.000000
-5596.000000
-2511.000000
933.000000
4140.000000
6625.000000
7657.000000
7528.000000
6654.000000
5165.000000
3754.000000
2078.000000
445.000000
-1539.000000
-3916.000000
-6454.000000
-8865.000000
-10695.000000
-11083.000000
-10880.000000
-8830.000000
-5614.000000
-1987.000000
2232.000000
5436.000000
7443.000000
8618.000000
8572.000000
8202.000000
7537.000000
5889.000000
4121.000000
1224.000000
-2004.000000
-4840.000000
-7200.000000
-8046.000000
-7349.000000
-5304.000000
-1820.000000
1784.000000
5163.000000
7530.000000
8372.000000
8055.000000
6781.000000
5020.000000
3310.000000
1434.000000
-261.000000
-2367.000000
-4716.000000
-7113.000000
-9345.000000
-10766.000000
-11024.000000
-10541.000000
-8043.000000
-4726.000000
-702.000000
3527.000000
6488.000000
8289.000000
9037.000000
8656.000000
8113.000000
6937.000000
5127.000000
3046.000000
-25.000000
-3098.000000
-5804.000000
-7822.000000
-8272.000000
-7210.000000
-4706.000000
-980.000000
2764.000000
6147.000000
8317.000000
8958.000000
8363.000000
6855.000000
4907.000000
2958.000000
1024.000000
-824.000000
-2946.000000
-5287.000000
-7628.000000
-9743.000000
-10834.000000
-10998.000000
-10040.000000
-7192.000000
-3796.000000
388.000000
4328.000000
6990.000000
8642.000000
9123.000000
8600.000000
8026.000000
6478.000000
4589.000000
2123.000000
-1056.000000
-3997.000000
-6470.000000
-8125.000000
-8113.000000
-6924.000000
-4105.000000
-352.000000
3367.000000
6719.000000
8757.000000
9262.000000
8562.000000
6793.000000
4778.000000
2681.000000
701.000000
-1130.000000
-3313.000000
-5650.000000
-7958.000000
-9951.000000
-10779.000000
-10707.000000
-9498.000000
-6583.000000
-3257.000000
810.000000
4528.000000
7011.000000
8459.000000
8811.000000
8297.000000
7667.000000
6136.000000
4325.000000
1856.000000
-1259.000000
-4100.000000
-6551.000000
-8107.000000
-8052.000000
-6835.000000
-3975.000000
-279.000000
3443.000000
6762.000000
8656.000000
9104.000000
8368.000000
6624.000000
4760.000000
2711.000000
778.000000
-1165.000000
-3471.000000
-5862.000000
-8183.000000
-10105.000000
-10871.000000
-10747.000000
-9389.000000
-6440.000000
-3040.000000
1069.000000
4683.000000
7143.000000
8505.000000
8759.000000
8194.000000
7519.000000
5977.000000
4174.000000
1607.000000
-1513.000000
-4396.000000
-6806.000000
-8251.000000
-8075.000000
-6764.000000
-3883.000000
-248.000000
3410.000000
6657.000000
8546.000000
9029.000000
8342.000000
6691.000000
4827.000000
2771.000000
777.000000
-1258.000000
-3637.000000
-6061.000000
-8374.000000
-10222.000000
-10966.000000
-10848.000000
-9292.000000
-6207.000000
-2610.000000
1638.000000
5198.000000
7575.000000
8880.000000
8976.000000
8350.000000
7404.000000
5629.000000
3603.000000
863.000000
-2257.000000
-5008.000000
-7356.000000
-8535.000000
-8218.000000
-6742.000000
-3625.000000
18.000000
3778.000000
6999.000000
8842.000000
9382.000000
8619.000000
6866.000000
4877.000000
2566.000000
461.000000
-1749.000000
-4151.000000
-6525.000000
-8744.000000
-10358.000000
-10888.000000
-10606.000000
-8763.000000
-5668.000000
-1923.000000
2362.000000
5828.000000
8099.000000
9142.000000
9050.000000
8365.000000
7176.000000
5270.000000
3039.000000
121.000000
-2935.000000
-5626.000000
-7786.000000
-8786.000000
-8396.000000
-6697.000000
-3408.000000
412.000000
4434.000000
7704.000000
9543.000000
9950.000000
8991.000000
7057.000000
4802.000000
2313.000000
90.000000
-2257.000000
-4679.000000
-7106.000000
-9296.000000
-10796.000000
-11216.000000
-10676.000000
-8380.000000
-5048.000000
-938.000000
3337.000000
6583.000000
8590.000000
9382.000000
9092.000000
8303.000000
6892.000000
4887.000000
2354.000000
-778.000000
-3848.000000
-6468.000000
-8438.000000
-9055.000000
-8538.000000
-6495.000000
-2986.000000
1022.000000
5249.000000
8453.000000
10123.000000
10324.000000
9038.000000
6946.000000
4583.000000
2026.000000
-195.000000
-2661.000000
-5191.000000
-7678.000000
-9875.000000
-11187.000000
-11386.000000
-10449.000000
-7685.000000
-4093.000000
277.000000
4403.000000
7322.000000
9015.000000
9472.000000
8958.000000
8034.000000
6342.000000
4178.000000
1415.000000
-1734.000000
-4663.000000
-7176.000000
-8877.000000
-9217.000000
-8442.000000
-6051.000000
-2421.000000
1704.000000
5803.000000
8798.000000
10289.000000
10266.000000
8820.000000
6669.000000
4232.000000
1756.000000
-463.000000
-2882.000000
-5363.000000
-7797.000000
-9932.000000
-11147.000000
-11278.000000
-10070.000000
-7157.000000
-3397.000000
985.000000
4859.000000
7505.000000
8899.000000
9084.000000
8471.000000
7440.000000
5802.000000
3817.000000
1149.000000
-1921.000000
-4857.000000
-7393.000000
-8999.000000
-9246.000000
-8252.000000
-5827.000000
-2142.000000
1878.000000
5886.000000
8780.000000
10153.000000
10053.000000
8702.000000
6606.000000
4406.000000
2069.000000
-71.000000
-2458.000000
-5003.000000
-7497.000000
-9626.000000
-10895.000000
-11027.000000
-9885.000000
-7063.000000
-3424.000000
845.000000
4658.000000
7221.000000
8577.000000
8803.000000
8250.000000
7338.000000
5801.000000
3849.000000
1292.000000
-1670.000000
-4502.000000
-7087.000000
-8825.000000
-9301.000000
-8461.000000
-6217.000000
-2813.000000
1118.000000
4945.000000
7886.000000
9525.000000
9774.000000
8837.000000
7127.000000
5127.000000
3047.000000
918.000000
-1340.000000
-3888.000000
-6542.000000
-8864.000000
-10368.000000
-10807.000000
-10037.000000
-7779.000000
-4454.000000
-495.000000
3330.000000
6116.000000
7665.000000
8141.000000
7788.000000
7110.000000
6035.000000
4540.000000
2530.000000
-125.000000
-3016.000000
-5788.000000
-8007.000000
-9022.000000
-8772.000000
-7043.000000
-4172.000000
-665.000000
2993.000000
6040.000000
8097.000000
8997.000000
8788.000000
7887.000000
6521.000000
4896.000000
3035.000000
842.000000
-1651.000000
-4385.000000
-7036.000000
-9045.000000
-10120.000000
-10027.000000
-8760.000000
-6394.000000
-3246.000000
62.000000
3048.000000
5073.000000
6109.000000
6463.000000
6339.000000
6036.000000
5517.000000
4467.000000
2829.000000
375.000000
-2504.000000
-5261.000000
-7428.000000
-8408.000000
-7944.000000
-6207.000000
-3418.000000
-346.000000
2545.000000
4857.000000
6342.000000
7206.000000
7436.000000
7211.000000
6687.000000
5714.000000
4244.000000
2167.000000
-459.000000
-3343.000000
-6052.000000
-8005.000000
-8879.000000
-8661.000000
-7502.000000
-5813.000000
-3640.000000
-1457.000000
455.000000
2029.000000
3035.000000
3771.000000
4475.000000
5030.000000
5445.000000
5291.000000
4318.000000
2486.000000
-156.000000
-2948.000000
-5312.000000
-6726.000000
-6816.000000
-5744.000000
-3860.000000
-1639.000000
344.000000
2030.000000
3298.000000
4369.000000
5381.000000
6279.000000
6919.000000
6985.000000
6164.000000
4449.000000
1893.000000
-973.000000
-3624.000000
-5559.000000
-6450.000000
-6349.000000
-5536.000000
-4495.000000
-3712.000000
-3361.000000
-2971.000000
-2586.000000
-1659.000000
-281.000000
1271.000000
2831.000000
4136.000000
4847.000000
4988.000000
4270.000000
2990.000000
1286.000000
-526.000000
-1924.000000
-2843.000000
-3379.000000
-3462.000000
-3410.000000
-3040.000000
-2393.000000
-1335.000000
207.000000
2007.000000
3814.000000
5352.000000
6183.000000
6269.000000
5496.000000
4077.000000
2321.000000
541.000000
-888.000000
-1885.000000
-2509.000000
-2843.000000
-3101.000000
-3295.000000
-3404.000000
-3484.000000
-3419.000000
-3260.000000
-2978.000000
-2574.000000
-1872.000000
-1131.000000
-332.000000
403.000000
1054.000000
1690.000000
2421.000000
3094.000000
3717.000000
3876.000000
3495.000000
2472.000000
909.000000
-806.000000
-2259.000000
-3144.000000
-3182.000000
-2553.000000
-1429.000000
-200.000000
870.000000
1649.000000
2118.000000
2399.000000
2652.000000
2906.000000
3153.000000
3150.000000
2826.000000
1918.000000
549.000000
-1012.000000
-2446.000000
-3346.000000
-3510.000000
-3104.000000
-2320.000000
-1597.000000
-1157.000000
-1070.000000
-1354.000000
-1749.000000
-2062.000000
-2100.000000
-1785.000000
-1151.000000
-360.000000
273.000000
730.000000
993.000000
1169.000000
1505.000000
2104.000000
2825.000000
3529.000000
3763.000000
3412.000000
2370.000000
788.000000
-878.000000
-2227.000000
-2954.000000
-2887.000000
-2237.000000
-1229.000000
-294.000000
411.000000
771.000000
857.000000
845.000000
953.000000
1141.000000
1401.000000
1474.000000
1204.000000
400.000000
-768.000000
-1925.000000
-2815.000000
-3077.000000
-2657.000000
-1706.000000
-370.000000
863.000000
1724.000000
2086.000000
1865.000000
1396.000000
848.000000
428.000000
203.000000
-12.000000
-352.000000
-905.000000
-1711.000000
-2433.000000
-2791.000000
-2619.000000
-1751.000000
-380.000000
1288.000000
2851.000000
3900.000000
4220.000000
3734.000000
2542.000000
1059.000000
-453.000000
-1685.000000
-2475.000000
-2889.000000
-3030.000000
-3019.000000
-2975.000000
-2765.000000
-2345.000000
-1485.000000
-248.000000
1218.000000
2625.000000
3566.000000
3824.000000
3368.000000
2272.000000
896.000000
-432.000000
-1409.000000
-1885.000000
-1920.000000
-1597.000000
-1157.000000
-773.000000
-442.000000
-123.000000
413.000000
1229.000000
2248.000000
3258.000000
3934.000000
4029.000000
3469.000000
2315.000000
816.000000
-713.000000
-1991.000000
-2782.000000
-3104.000000
-3037.000000
-2752.000000
-2502.000000
-2331.000000
-2237.000000
-2155.000000
-1892.000000
-1390.000000
-616.000000
233.000000
975.000000
1499.000000
1713.000000
1680.000000
1537.000000
1364.000000
1253.000000
1159.000000
1026.000000
791.000000
379.000000
-183.000000
-785.000000
-1291.000000
-1484.000000
-1271.000000
-670.000000
127.000000
890.000000
1403.000000
1573.000000
1419.000000
1097.000000
699.000000
354.000000
71.000000
-147.000000
-342.000000
-621.000000
-1040.000000
-1540.000000
-1974.000000
-2141.000000
-1843.000000
-1122.000000
-132.000000
892.000000
1686.000000
2090.000000
2113.000000
1851.000000
1478.000000
1111.000000
819.000000
613.000000
392.000000
93.000000
-329.000000
-843.000000
-1326.000000
-1628.000000
-1614.000000
-1220.000000
-557.000000
203.000000
872.000000
1254.000000
1291.000000
1045.000000
666.000000
273.000000
-7.000000
-147.000000
-218.000000
-310.000000
-447.000000
-655.000000
-875.000000
-970.000000
-837.000000
-414.000000
190.000000
862.000000
1418.000000
1634.000000
1463.000000
935.000000
171.000000
-636.000000
-1299.000000
-1699.000000
-1873.000000
-1861.000000
-1710.000000
-1482.000000
-1206.000000
-837.000000
-364.000000
196.000000
850.000000
1493.000000
2006.000000
2219.000000
2073.000000
1559.000000
792.000000
-72.000000
-866.000000
-1451.000000
-1756.000000
-1795.000000
-1614.000000
-1321.000000
-1013.000000
-675.000000
-285.000000
144.000000
647.000000
1139.000000
1572.000000
1804.000000
1767.000000
1505.000000
996.000000
324.000000
-379.000000
-988.000000
-1407.000000
-1602.000000
-1557.000000
-1331.000000
-988.000000
-530.000000
2.000000
551.000000
1083.000000
1527.000000
1813.000000
1874.000000
1682.000000
1295.000000
702.000000
5.000000
-678.000000
-1259.000000
-1684.000000
-1912.000000
-1918.000000
-1751.000000
-1449.000000
-1051.000000
-609.000000
-179.000000
221.000000
599.000000
906.000000
1120.000000
1210.000000
1172.000000
1001.000000
701.000000
341.000000
-65.000000
-441.000000
-704.000000
-830.000000
-788.000000
-622.000000
-392.000000
-133.000000
145.000000
463.000000
801.000000
1079.000000
1215.000000
1154.000000
899.000000
519.000000
74.000000
-366.000000
-746.000000
-1007.000000
-1148.000000
-1179.000000
-1102.000000
-978.000000
-825.000000
-617.000000
-319.000000
73.000000
520.000000
967.000000
1291.000000
1407.000000
1262.000000
863.000000
326.000000
-173.000000
-512.000000
-674.000000
-692.000000
-616.000000
-526.000000
-451.000000
-367.000000
-262.000000
-77.000000
207.000000
589.000000
1005.000000
1339.000000
1478.000000
1307.000000
861.000000
225.000000
-443.000000
-979.000000
-1282.000000
-1361.000000
-1237.000000
-1026.000000
-802.000000
-525.000000
-351.000000
-83.000000
178.000000
481.000000
853.000000
1318.000000
1702.000000
1948.000000
1822.000000
1380.000000
663.000000
-92.000000
-718.000000
-1118.000000
-1250.000000
-1197.000000
-1099.000000
-1016.000000
-994.000000
-965.000000
-868.000000
-552.000000
-84.000000
463.000000
901.000000
1107.000000
975.000000
580.000000
-68.000000
-718.000000
-1333.000000
-1650.000000
-1566.000000
-1170.000000
-546.000000
63.000000
480.000000
690.000000
695.000000
679.000000
707.000000
757.000000
850.000000
809.000000
639.000000
301.000000
-169.000000
-597.000000
-893.000000
-934.000000
-674.000000
-247.000000
267.000000
681.000000
915.000000
937.000000
749.000000
461.000000
149.000000
-99.000000
-226.000000
-297.000000
-362.000000
-505.000000
-700.000000
-852.000000
-907.000000
-738.000000
-359.000000
155.000000
718.000000
1153.000000
1375.000000
1300.000000
941.000000
460.000000
-40.000000
-434.000000
-660.000000
-721.000000
-693.000000
-639.000000
-574.000000
-483.000000
-370.000000
-139.000000
186.000000
563.000000
934.000000
1201.000000
1274.000000
1114.000000
769.000000
337.000000
-93.000000
-419.000000
-562.000000
-553.000000
-441.000000
-330.000000
-286.000000
-322.000000
-399.000000
-421.000000
-317.000000
-60.000000
292.000000
641.000000
854.000000
857.000000
642.000000
293.000000
-101.000000
-417.000000
-570.000000
-552.000000
-438.000000
-298.000000
-188.000000
-162.000000
-194.000000
-219.000000
-178.000000
-30.000000
211.000000
455.000000
600.000000
595.000000
456.000000
168.000000
-176.000000
-483.000000
-647.000000
-621.000000
-419.000000
-166.000000
13.000000
12.000000
-104.000000
-284.000000
-432.000000
-462.000000
-349.000000
-164.000000
50.000000
202.000000
232.000000
102.000000
-129.000000
-347.000000
-452.000000
-389.000000
-146.000000
192.000000
518.000000
748.000000
843.000000
809.000000
687.000000
544.000000
432.000000
400.000000
448.000000
498.000000
486.000000
346.000000
98.000000
-175.000000
-446.000000
-662.000000
-774.000000
-791.000000
-751.000000
-722.000000
-759.000000
-876.000000
-1043.000000
-1138.000000
-1084.000000
-865.000000
-505.000000
-101.000000
222.000000
426.000000
482.000000
410.000000
282.000000
194.000000
171.000000
280.000000
447.000000
595.000000
701.000000
683.000000
555.000000
406.000000
255.000000
170.000000
120.000000
92.000000
67.000000
30.000000
-38.000000
-146.000000
-258.000000
-370.000000
-424.000000
-369.000000
-274.000000
-144.000000
-50.000000
-8.000000
3.000000
-28.000000
-55.000000
-48.000000
9.000000
139.000000
275.000000
397.000000
451.000000
457.000000
432.000000
389.000000
355.000000
335.000000
327.000000
352.000000
352.000000
269.000000
159.000000
-32.000000
-236.000000
-386.000000
-417.000000
-364.000000
-246.000000
-153.000000
-69.000000
-129.000000
-63.000000
-27.000000
8.000000
98.000000
111.000000
127.000000
139.000000
57.000000
-35.000000
-207.000000
-377.000000
-446.000000
-485.000000
-392.000000
-276.000000
-134.000000
16.000000
61.000000
78.000000
52.000000
-62.000000
-131.000000
-215.000000
-182.000000
-115.000000
-43.000000
46.000000
63.000000
22.000000
-7.000000
-44.000000
-3.000000
107.000000
293.000000
512.000000
644.000000
693.000000
622.000000
469.000000
326.000000
185.000000
136.000000
154.000000
160.000000
148.000000
55.000000
-84.000000
-243.000000
-386.000000
-461.000000
-485.000000
-435.000000
-367.000000
-335.000000
-305.000000
-336.000000
-373.000000
-423.000000
-425.000000
-316.000000
-138.000000
70.000000
247.000000
336.000000
363.000000
352.000000
340.000000
311.000000
301.000000
282.000000
261.000000
191.000000
112.000000
33.000000
-66.000000
-171.000000
-264.000000
-317.000000
-301.000000
-199.000000
-72.000000
49.000000
134.000000
178.000000
196.000000
230.000000
284.000000
331.000000
359.000000
353.000000
307.000000
215.000000
94.000000
-5.000000
-99.000000
-156.000000
-205.000000
-262.000000
-293.000000
-295.000000
-262.000000
-187.000000
-119.000000
-81.000000
-73.000000
-55.000000
-10.000000
78.000000
160.000000
172.000000
95.000000
24.000000
-25.000000
-36.000000
-25.000000
-23.000000
-66.000000
-156.000000
-238.000000
-283.000000
-293.000000
-262.000000
-199.000000
-131.000000
-57.000000
25.000000
89.000000
133.000000
177.000000
194.000000
244.000000
281.000000
312.000000
339.000000
334.000000
267.000000
142.000000
-13.000000
-143.000000
-206.000000
-215.000000
-152.000000
-67.000000
8.000000
66.000000
96.000000
109.000000
118.000000
121.000000
130.000000
132.000000
125.000000
96.000000
9.000000
-143.000000
-302.000000
-451.000000
-498.000000
-443.000000
-320.000000
-171.000000
-19.000000
82.000000
141.000000
156.000000
125.000000
120.000000
111.000000
91.000000
79.000000
14.000000
-60.000000
-136.000000
-205.000000
-215.000000
-178.000000
-89.000000
13.000000
81.000000
135.000000
153.000000
106.000000
68.000000
28.000000
-2.000000
-3.000000
-37.000000
-73.000000
-108.000000
-149.000000
-167.000000
-160.000000
-89.000000
-7.000000
95.000000
206.000000
301.000000
373.000000
432.000000
405.000000
363.000000
280.000000
176.000000
99.000000
21.000000
-21.000000
-41.000000
-110.000000
-199.000000
-326.000000
-442.000000
-522.000000
-544.000000
-461.000000
-338.000000
-211.000000
-103.000000
-42.000000
-23.000000
28.000000
84.000000
139.000000
201.000000
246.000000
258.000000
207.000000
110.000000
-26.000000
-173.000000
-285.000000
-319.000000
-294.000000
-208.000000
-125.000000
-64.000000
2.000000
26.000000
40.000000
61.000000
89.000000
166.000000
268.000000
349.000000
365.000000
278.000000
123.000000
-32.000000
-180.000000
-235.000000
-258.000000
-253.000000
-209.000000
-115.000000
-41.000000
6.000000
22.000000
59.000000
101.000000
169.000000
222.000000
212.000000
159.000000
64.000000
-73.000000
-221.000000
-380.000000
-510.000000
-569.000000
-499.000000
-335.000000
-145.000000
-3.000000
78.000000
87.000000
91.000000
98.000000
149.000000
205.000000
254.000000
275.000000
214.000000
129.000000
16.000000
-93.000000
-147.000000
-164.000000
-149.000000
-104.000000
-63.000000
-29.000000
1.000000
6.000000
-1.000000
0.000000
8.000000
-10.000000
-44.000000
-56.000000
-82.000000
-108.000000
-120.000000
-154.000000
-192.000000
-228.000000
-231.000000
-180.000000
-149.000000
-69.000000
9.000000
32.000000
25.000000
7.000000
-29.000000
-46.000000
-53.000000
-11.000000
31.000000
57.000000
59.000000
34.000000
-10.000000
-34.000000
-60.000000
-65.000000
-72.000000
-69.000000
-55.000000
-53.000000
-59.000000
-67.000000
-42.000000
1.000000
30.000000
87.000000
107.000000
129.000000
153.000000
156.000000
163.000000
132.000000
63.000000
7.000000
-60.000000
-80.000000
-72.000000
-29.000000
10.000000
32.000000
32.000000
39.000000
-27.000000
-50.000000
-11.000000
22.000000
79.000000
62.000000
-18.000000
