# Frecuencia de muestreo: 8000 Hz
-259.000000
-272.000000
-279.000000
-283.000000
-272.000000
-257.000000
-257.000000
-251.000000
-250.000000
-249.000000
-233.000000
-212.000000
-201.000000
-193.000000
-186.000000
-193.000000
-188.000000
-192.000000
-213.000000
-214.000000
-201.000000
-203.000000
-218.000000
-228.000000
-239.000000
-247.000000
-253.000000
-239.000000
-228.000000
-215.000000
-203.000000
-194.000000
-180.000000
-189.000000
-191.000000
-174.000000
-168.000000
-152.000000
-116.000000
-111.000000
-112.000000
-100.000000
-82.000000
-82.000000
-81.000000
-59.000000
-52.000000
-53.000000
-35.000000
-22.000000
-30.000000
-39.000000
-28.000000
-14.000000
-12.000000
-2.000000
5.000000
1.000000
5.000000
22.000000
25.000000
31.000000
47.000000
48.000000
51.000000
64.000000
61.000000
59.000000
64.000000
67.000000
72.000000
90.000000
88.000000
81.000000
81.000000
87.000000
96.000000
115.000000
126.000000
122.000000
122.000000
117.000000
105.000000
101.000000
98.000000
98.000000
96.000000
83.000000
86.000000
106.000000
128.000000
129.000000
125.000000
118.000000
110.000000
108.000000
106.000000
108.000000
107.000000
92.000000
81.000000
86.000000
93.000000
121.000000
144.000000
137.000000
122.000000
118.000000
116.000000
104.000000
92.000000
89.000000
63.000000
29.000000
27.000000
49.000000
62.000000
65.000000
60.000000
38.000000
21.000000
22.000000
20.000000
8.000000
16.000000
26.000000
22.000000
25.000000
16.000000
3.000000
0.000000
-11.000000
-26.000000
-44.000000
-57.000000
-55.000000
-62.000000
-75.000000
-113.000000
-125.000000
-125.000000
-125.000000
-120.000000
-114.000000
-117.000000
-117.000000
-111.000000
-126.000000
-127.000000
-129.000000
-139.000000
-151.000000
-156.000000
-158.000000
-150.000000
-155.000000
-175.000000
-177.000000
-167.000000
-163.000000
-165.000000
-184.000000
-200.000000
-211.000000
-212.000000
-208.000000
-214.000000
-218.000000
-220.000000
-216.000000
-185.000000
-155.000000
-145.000000
-143.000000
-148.000000
-151.000000
-143.000000
-133.000000
-124.000000
-115.000000
-116.000000
-119.000000
-134.000000
-147.000000
-158.000000
-169.000000
-189.000000
-199.000000
-181.000000
-166.000000
-151.000000
-137.000000
-138.000000
-155.000000
-165.000000
-174.000000
-175.000000
-161.000000
-129.000000
-106.000000
-89.000000
-92.000000
-97.000000
-100.000000
-76.000000
-43.000000
-37.000000
-38.000000
-58.000000
-56.000000
-53.000000
-20.000000
9.000000
37.000000
17.000000
6.000000
-12.000000
-7.000000
-4.000000
4.000000
31.000000
2.000000
65.000000
-10.000000
593.000000
715.000000
704.000000
451.000000
123.000000
-359.000000
-159.000000
86.000000
233.000000
467.000000
328.000000
164.000000
183.000000
208.000000
-25.000000
343.000000
193.000000
252.000000
611.000000
633.000000
402.000000
578.000000
441.000000
362.000000
591.000000
295.000000
60.000000
52.000000
-207.000000
-310.000000
-118.000000
-19.000000
250.000000
302.000000
65.000000
-266.000000
-643.000000
-839.000000
-689.000000
-644.000000
-814.000000
-1043.000000
-1499.000000
-1565.000000
-739.000000
869.000000
3050.000000
4298.000000
3628.000000
1712.000000
-600.000000
-2148.000000
-1772.000000
-344.000000
1413.000000
2377.000000
1994.000000
1123.000000
822.000000
895.000000
1283.000000
1539.000000
907.000000
138.000000
-309.000000
-244.000000
232.000000
760.000000
762.000000
576.000000
125.000000
-453.000000
-984.000000
-1637.000000
-2076.000000
-2070.000000
-2262.000000
-2638.000000
-3257.000000
-4003.000000
-4722.000000
-4322.000000
-4083.000000
-98.000000
8640.000000
9605.000000
8680.000000
5656.000000
-4671.000000
-8690.000000
-6258.000000
-5403.000000
186.000000
3600.000000
930.000000
875.000000
1618.000000
1369.000000
4111.000000
5291.000000
506.000000
-2546.000000
-4979.000000
-7798.000000
-3363.000000
1146.000000
3668.000000
6569.000000
5289.000000
1549.000000
-658.000000
-1404.000000
-1756.000000
1290.000000
2160.000000
1445.000000
904.000000
-257.000000
-62.000000
2083.000000
3126.000000
2222.000000
715.000000
-1755.000000
-2972.000000
-2019.000000
288.000000
1701.000000
2512.000000
1172.000000
-1853.000000
-3761.000000
-4714.000000
-4506.000000
-3013.000000
-1512.000000
-1388.000000
-2041.000000
-4254.000000
-6272.000000
-6991.000000
1562.000000
8402.000000
9907.000000
9751.000000
17.000000
-8366.000000
-10349.000000
-6498.000000
-1056.000000
5329.000000
5708.000000
854.000000
-32.000000
-1820.000000
607.000000
4981.000000
4697.000000
1681.000000
-1500.000000
-4840.000000
-5906.000000
-729.000000
2172.000000
5451.000000
6538.000000
3934.000000
-84.000000
-1352.000000
-2043.000000
-401.000000
2540.000000
2609.000000
2393.000000
997.000000
-13.000000
346.000000
1145.000000
954.000000
-156.000000
-872.000000
-1650.000000
-568.000000
1037.000000
2382.000000
2311.000000
1072.000000
-1373.000000
-3859.000000
-5112.000000
-4928.000000
-3158.000000
-1046.000000
-507.000000
-1380.000000
-3538.000000
-5982.000000
-7896.000000
-4570.000000
5451.000000
8328.000000
9876.000000
5850.000000
-3992.000000
-8715.000000
-7490.000000
-3181.000000
1748.000000
5419.000000
1961.000000
-1060.000000
-1013.000000
-1317.000000
3436.000000
5888.000000
3892.000000
1035.000000
-2048.000000
-5404.000000
-3609.000000
-42.000000
2355.000000
5263.000000
4964.000000
2276.000000
256.000000
-138.000000
-106.000000
2046.000000
2585.000000
1721.000000
552.000000
-722.000000
-1026.000000
-12.000000
762.000000
636.000000
254.000000
-151.000000
-482.000000
146.000000
321.000000
-80.000000
-689.000000
-2389.000000
-4323.000000
-5539.000000
-5735.000000
-4914.000000
-3194.000000
-3108.000000
-4209.000000
-6130.000000
-4429.000000
7143.000000
10495.000000
12192.000000
7823.000000
-5671.000000
-13020.000000
-12959.000000
-7725.000000
-290.000000
6845.000000
5233.000000
1933.000000
2097.000000
-272.000000
3403.000000
5214.000000
1579.000000
-1770.000000
-4816.000000
-6825.000000
-3456.000000
2935.000000
5668.000000
9138.000000
7962.000000
3005.000000
-1354.000000
-2863.000000
-3938.000000
-236.000000
2677.000000
3223.000000
3244.000000
1687.000000
344.000000
519.000000
1093.000000
251.000000
-102.000000
-500.000000
-860.000000
751.000000
1625.000000
1113.000000
153.000000
-1792.000000
-4089.000000
-5218.000000
-5814.000000
-6013.000000
-5093.000000
-4264.000000
-4502.000000
-4636.000000
-4244.000000
7741.000000
13069.000000
12469.000000
10343.000000
-4376.000000
-14727.000000
-15394.000000
-10480.000000
-1949.000000
7885.000000
8691.000000
3783.000000
3675.000000
72.000000
1275.000000
5611.000000
1496.000000
-2057.000000
-5161.000000
-7591.000000
-5063.000000
3570.000000
7196.000000
10639.000000
10408.000000
4034.000000
-1530.000000
-3130.000000
-4524.000000
-1451.000000
2646.000000
2620.000000
3013.000000
2290.000000
1239.000000
1990.000000
2934.000000
1609.000000
-265.000000
-1591.000000
-3029.000000
-1853.000000
855.000000
2102.000000
2536.000000
495.000000
-3529.000000
-5964.000000
-7675.000000
-8135.000000
-6675.000000
-4876.000000
-5222.000000
-4111.000000
-5968.000000
2802.000000
15140.000000
12981.000000
13842.000000
1472.000000
-14541.000000
-18275.000000
-14118.000000
-6593.000000
5059.000000
10969.000000
5983.000000
4522.000000
2661.000000
-1093.000000
4676.000000
2595.000000
-2271.000000
-5075.000000
-7757.000000
-7937.000000
390.000000
7056.000000
9500.000000
12299.000000
6105.000000
-1103.000000
-4142.000000
-4858.000000
-3472.000000
2871.000000
3669.000000
3124.000000
2074.000000
166.000000
326.000000
2457.000000
3264.000000
1661.000000
216.000000
-2027.000000
-3736.000000
-1618.000000
36.000000
1703.000000
2350.000000
75.000000
-4244.000000
-6635.000000
-9106.000000
-8710.000000
-5737.000000
-3620.000000
-3324.000000
-3380.000000
-6865.000000
-2090.000000
12259.000000
11488.000000
13877.000000
5868.000000
-11249.000000
-16834.000000
-14071.000000
-7964.000000
3791.000000
11309.000000
7184.000000
4115.000000
1892.000000
-3094.000000
2198.000000
3637.000000
-141.000000
-1466.000000
-3849.000000
-6314.000000
-1334.000000
4481.000000
6296.000000
9965.000000
6381.000000
730.000000
-2415.000000
-2495.000000
-2590.000000
2452.000000
3840.000000
2207.000000
2428.000000
849.000000
429.000000
2273.000000
3110.000000
755.000000
486.000000
-593.000000
-2229.000000
626.000000
1128.000000
771.000000
998.000000
-1750.000000
-5606.000000
-6614.000000
-8071.000000
-8618.000000
-5689.000000
-3663.000000
-2938.000000
-2213.000000
-4718.000000
-2970.000000
8379.000000
10788.000000
11348.000000
7800.000000
-6350.000000
-14572.000000
-13564.000000
-8913.000000
537.000000
9515.000000
8838.000000
5078.000000
2824.000000
-1664.000000
473.000000
3478.000000
1019.000000
-257.000000
-3074.000000
-5481.000000
-2984.000000
2569.000000
5650.000000
8827.000000
7621.000000
2643.000000
-1165.000000
-1835.000000
-1784.000000
1193.000000
3283.000000
1762.000000
1305.000000
572.000000
946.000000
2694.000000
3840.000000
2242.000000
806.000000
-503.000000
-1791.000000
-138.000000
560.000000
331.000000
476.000000
-1787.000000
-4871.000000
-6672.000000
-7616.000000
-8413.000000
-6659.000000
-3649.000000
-2273.000000
-2426.000000
-4406.000000
-2465.000000
6269.000000
10197.000000
11726.000000
8116.000000
-4406.000000
-13098.000000
-13779.000000
-9698.000000
-531.000000
8012.000000
9108.000000
5893.000000
3142.000000
-786.000000
489.000000
3449.000000
2312.000000
1223.000000
-2137.000000
-5043.000000
-3884.000000
524.000000
4682.000000
9063.000000
9129.000000
5643.000000
1036.000000
-1782.000000
-2526.000000
-859.000000
1766.000000
2703.000000
2800.000000
2406.000000
2354.000000
2751.000000
3149.000000
2060.000000
347.000000
-208.000000
-997.000000
-129.000000
521.000000
241.000000
-117.000000
-1587.000000
-3662.000000
-4757.000000
-5448.000000
-7374.000000
-8057.000000
-7389.000000
-6960.000000
-5109.000000
-2991.000000
-664.000000
10994.000000
13936.000000
11681.000000
7841.000000
-6156.000000
-15606.000000
-14912.000000
-9943.000000
-1416.000000
8291.000000
9659.000000
5529.000000
4637.000000
641.000000
915.000000
4613.000000
1571.000000
-1185.000000
-4041.000000
-6526.000000
-4865.000000
2212.000000
6167.000000
9860.000000
9895.000000
4729.000000
-939.000000
-2500.000000
-3093.000000
-1018.000000
2802.000000
2701.000000
2401.000000
2096.000000
2248.000000
2809.000000
3897.000000
2264.000000
-717.000000
-1631.000000
-2294.000000
-772.000000
1697.000000
1701.000000
866.000000
-1689.000000
-5405.000000
-7347.000000
-7251.000000
-8290.000000
-7021.000000
-5328.000000
-5054.000000
-4430.000000
-4489.000000
-4143.000000
5906.000000
12607.000000
12324.000000
10523.000000
-1953.000000
-14392.000000
-16553.000000
-12337.000000
-3867.000000
7526.000000
11336.000000
6946.000000
4279.000000
-277.000000
-1686.000000
2942.000000
2777.000000
819.000000
-1728.000000
-4992.000000
-5915.000000
-483.000000
4391.000000
8457.000000
10692.000000
6613.000000
147.000000
-2995.000000
-3667.000000
-1921.000000
2976.000000
4237.000000
3410.000000
2605.000000
2231.000000
2408.000000
4136.000000
3562.000000
442.000000
-1346.000000
-2398.000000
-1444.000000
1335.000000
2495.000000
1790.000000
-515.000000
-3735.000000
-6450.000000
-7050.000000
-6915.000000
-6070.000000
-5867.000000
-5702.000000
-5363.000000
-5365.000000
-6258.000000
1837.000000
12475.000000
12835.000000
14149.000000
4280.000000
-10272.000000
-15950.000000
-14402.000000
-7767.000000
3209.000000
10346.000000
7583.000000
5426.000000
2440.000000
-1103.000000
3507.000000
3927.000000
1626.000000
-917.000000
-4456.000000
-6991.000000
-2970.000000
2455.000000
6411.000000
10694.000000
9370.000000
3879.000000
-1147.000000
-3075.000000
-3820.000000
352.000000
3369.000000
4277.000000
4384.000000
3680.000000
2844.000000
3416.000000
3217.000000
426.000000
-1067.000000
-1896.000000
-1842.000000
1125.000000
2499.000000
1769.000000
483.000000
-2519.000000
-5269.000000
-6544.000000
-7413.000000
-8157.000000
-7543.000000
-7096.000000
-5823.000000
-4515.000000
-4062.000000
-4160.000000
6307.000000
12274.000000
11789.000000
11166.000000
-2085.000000
-13836.000000
-16697.000000
-12928.000000
-4675.000000
7023.000000
10868.000000
7177.000000
5557.000000
-131.000000
-1642.000000
2115.000000
1331.000000
283.000000
-1574.000000
-4244.000000
-6050.000000
-966.000000
2580.000000
7330.000000
10564.000000
7686.000000
1205.000000
-3435.000000
-6237.000000
-4563.000000
2180.000000
5674.000000
7694.000000
6758.000000
3545.000000
949.000000
927.000000
-413.000000
-1678.000000
-1046.000000
-1379.000000
97.000000
2751.000000
2670.000000
1450.000000
38.000000
-3060.000000
-5428.000000
-6561.000000
-8192.000000
-8737.000000
-7936.000000
-7318.000000
-5251.000000
-2908.000000
-2267.000000
-2931.000000
4059.000000
9459.000000
9205.000000
9168.000000
-580.000000
-10657.000000
-14096.000000
-11186.000000
-4119.000000
5501.000000
9997.000000
7131.000000
4535.000000
-166.000000
-2600.000000
861.000000
1722.000000
1565.000000
587.000000
-2182.000000
-5183.000000
-1950.000000
1121.000000
5297.000000
9353.000000
7304.000000
2027.000000
-2658.000000
-5972.000000
-3755.000000
3337.000000
7554.000000
10217.000000
8206.000000
2914.000000
-825.000000
-1857.000000
-2401.000000
-1602.000000
-286.000000
-343.000000
1502.000000
3670.000000
3929.000000
2868.000000
148.000000
-3910.000000
-7531.000000
-8796.000000
-9312.000000
-7407.000000
-4906.000000
-3710.000000
-2844.000000
-2102.000000
-3302.000000
-5782.000000
-5351.000000
3581.000000
6748.000000
8994.000000
7712.000000
-2835.000000
-9509.000000
-10562.000000
-6407.000000
-174.000000
7188.000000
6616.000000
2073.000000
113.000000
-4408.000000
-1432.000000
3595.000000
4915.000000
4850.000000
2054.000000
-3850.000000
-6639.000000
-3396.000000
-559.000000
5691.000000
8469.000000
5734.000000
326.000000
-2322.000000
-3601.000000
1343.000000
7089.000000
9597.000000
8567.000000
3718.000000
-1240.000000
-3978.000000
-3102.000000
-1421.000000
311.000000
1830.000000
1941.000000
2968.000000
3507.000000
2694.000000
1061.000000
-1843.000000
-5278.000000
-7831.000000
-8617.000000
-7894.000000
-5819.000000
-3450.000000
-2333.000000
-1886.000000
-3164.000000
-5504.000000
-8567.000000
-4264.000000
6140.000000
8373.000000
12695.000000
6548.000000
-4278.000000
-10891.000000
-10787.000000
-5807.000000
1744.000000
8648.000000
4641.000000
1817.000000
-2031.000000
-4167.000000
2034.000000
5843.000000
7437.000000
4805.000000
-93.000000
-7278.000000
-6826.000000
-2963.000000
2446.000000
8457.000000
8856.000000
4375.000000
-704.000000
-2501.000000
-1604.000000
5055.000000
9137.000000
10077.000000
6671.000000
1206.000000
-3636.000000
-4077.000000
-2074.000000
-55.000000
2368.000000
3004.000000
2420.000000
2983.000000
3375.000000
2789.000000
737.000000
-2675.000000
-6995.000000
-8436.000000
-8244.000000
-5810.000000
-2761.000000
-1033.000000
-1203.000000
-2710.000000
-5612.000000
-7206.000000
-9023.000000
-6856.000000
4590.000000
8487.000000
11607.000000
9477.000000
-479.000000
-8430.000000
-9204.000000
-6050.000000
-2292.000000
4946.000000
1815.000000
-490.000000
-877.000000
-2082.000000
3276.000000
7688.000000
8285.000000
4090.000000
363.000000
-7270.000000
-8523.000000
-4366.000000
-482.000000
5645.000000
8316.000000
6603.000000
2308.000000
1350.000000
115.000000
3758.000000
6787.000000
6478.000000
3371.000000
-882.000000
-4357.000000
-4574.000000
-845.000000
1808.000000
3724.000000
4110.000000
2185.000000
1247.000000
1159.000000
539.000000
-990.000000
-2800.000000
-5821.000000
-7445.000000
-7070.000000
-5828.000000
-3086.000000
-1172.000000
-1504.000000
-2856.000000
-6571.000000
-9604.000000
-11619.000000
-8285.000000
5247.000000
11385.000000
15461.000000
11580.000000
-859.000000
-10944.000000
-13505.000000
-9366.000000
-3933.000000
5157.000000
3861.000000
1671.000000
460.000000
-1184.000000
3290.000000
7407.000000
8238.000000
3723.000000
-619.000000
-9088.000000
-10097.000000
-5177.000000
666.000000
8538.000000
11605.000000
8793.000000
2883.000000
476.000000
-1675.000000
1862.000000
4697.000000
4888.000000
2184.000000
-1200.000000
-3090.000000
-2218.000000
1726.000000
4144.000000
4565.000000
3269.000000
-49.000000
-1492.000000
-1137.000000
179.000000
572.000000
259.000000
-2693.000000
-5775.000000
-7142.000000
-6308.000000
-3628.000000
-1529.000000
-2074.000000
-3611.000000
-7961.000000
-10305.000000
-10476.000000
-4664.000000
10688.000000
14079.000000
16868.000000
8272.000000
-5401.000000
-15564.000000
-15377.000000
-8818.000000
-1279.000000
9085.000000
5621.000000
3642.000000
342.000000
-1453.000000
3131.000000
6932.000000
7120.000000
2007.000000
-2028.000000
-10073.000000
-8321.000000
-2770.000000
4517.000000
10780.000000
12059.000000
6982.000000
896.000000
-1084.000000
-1944.000000
2528.000000
4441.000000
4323.000000
1348.000000
-1072.000000
-1893.000000
-235.000000
3070.000000
3990.000000
3219.000000
1133.000000
-1170.000000
-1278.000000
114.000000
1458.000000
1033.000000
-795.000000
-4626.000000
-7340.000000
-7834.000000
-5890.000000
-2596.000000
-780.000000
-2284.000000
-4216.000000
-8321.000000
-9666.000000
-8857.000000
2987.000000
11040.000000
14037.000000
12867.000000
488.000000
-10071.000000
-16014.000000
-11295.000000
-5174.000000
5589.000000
8379.000000
4748.000000
2242.000000
-2502.000000
-584.000000
3512.000000
6866.000000
4757.000000
1813.000000
-4693.000000
-8485.000000
-4776.000000
143.000000
7226.000000
10762.000000
8861.000000
2677.000000
-281.000000
-2120.000000
878.000000
4673.000000
5260.000000
3703.000000
542.000000
-2120.000000
-1676.000000
963.000000
2827.000000
3468.000000
2760.000000
509.000000
118.000000
1.000000
606.000000
207.000000
-747.000000
-3375.000000
-5297.000000
-6628.000000
-6441.000000
-4494.000000
-2678.000000
-2413.000000
-3463.000000
-5871.000000
-8046.000000
-9242.000000
1106.000000
10766.000000
13447.000000
14379.000000
2609.000000
-9301.000000
-16585.000000
-12681.000000
-6988.000000
4484.000000
9433.000000
5956.000000
3984.000000
-943.000000
-825.000000
2647.000000
6111.000000
3494.000000
1660.000000
-3922.000000
-7890.000000
-4527.000000
619.000000
7387.000000
11172.000000
10136.000000
2236.000000
-1560.000000
-4607.000000
-1432.000000
4102.000000
7675.000000
6788.000000
3722.000000
-494.000000
-2986.000000
-1409.000000
675.000000
1820.000000
3150.000000
2152.000000
1507.000000
1537.000000
959.000000
-105.000000
-487.000000
-2840.000000
-4863.000000
-5847.000000
-6653.000000
-6023.000000
-3262.000000
-1913.000000
-2541.000000
-4189.000000
-6690.000000
-9682.000000
-5362.000000
8894.000000
11095.000000
15184.000000
7562.000000
-5326.000000
-14490.000000
-13687.000000
-7746.000000
-40.000000
9838.000000
5158.000000
3856.000000
-377.000000
-1945.000000
1879.000000
6066.000000
5737.000000
2061.000000
-742.000000
-8261.000000
-5896.000000
-2083.000000
4605.000000
9319.000000
10903.000000
4591.000000
-1139.000000
-3653.000000
-3554.000000
2685.000000
7094.000000
8594.000000
5382.000000
1552.000000
-2727.000000
-3019.000000
-1065.000000
426.000000
1931.000000
2649.000000
2045.000000
2166.000000
2111.000000
1217.000000
1.000000
-1490.000000
-4802.000000
-6023.000000
-7491.000000
-6969.000000
-5378.000000
-2377.000000
-1631.000000
-1336.000000
-3831.000000
-5605.000000
-8033.000000
-685.000000
7899.000000
9813.000000
11170.000000
2211.000000
-6633.000000
-12791.000000
-8437.000000
-4338.000000
3722.000000
7625.000000
3434.000000
2066.000000
-1643.000000
-405.000000
2841.000000
6089.000000
4243.000000
1884.000000
-2507.000000
-6695.000000
-4099.000000
-597.000000
4971.000000
7878.000000
7567.000000
1771.000000
-1509.000000
-2870.000000
154.000000
5133.000000
8578.000000
7700.000000
3404.000000
-854.000000
-4088.000000
-3355.000000
-597.000000
1364.000000
2659.000000
2695.000000
2007.000000
1305.000000
1669.000000
562.000000
-440.000000
-2396.000000
-5313.000000
-7170.000000
-7444.000000
-6457.000000
-4476.000000
-2043.000000
-1658.000000
-2965.000000
-5052.000000
-7261.000000
-7282.000000
4073.000000
7838.000000
11517.000000
8415.000000
-787.000000
-9627.000000
-11521.000000
-6898.000000
-3230.000000
5948.000000
3943.000000
2674.000000
391.000000
-755.000000
1551.000000
5114.000000
5709.000000
1862.000000
-276.000000
-6340.000000
-6259.000000
-3314.000000
1851.000000
5567.000000
8039.000000
4911.000000
108.000000
-1803.000000
-1950.000000
2437.000000
6575.000000
8150.000000
5338.000000
1164.000000
-3185.000000
-3995.000000
-1855.000000
308.000000
1922.000000
2280.000000
1361.000000
1233.000000
1380.000000
1923.000000
756.000000
-626.000000
-4252.000000
-6694.000000
-8428.000000
-7612.000000
-6075.000000
-2963.000000
-1127.000000
-975.000000
-3297.000000
-5358.000000
-8506.000000
-2388.000000
6000.000000
8643.000000
10987.000000
3438.000000
-4830.000000
-11655.000000
-7999.000000
-5157.000000
2723.000000
5985.000000
2718.000000
1398.000000
-1458.000000
53.000000
2856.000000
6635.000000
3765.000000
1943.000000
-2800.000000
-6215.000000
-4491.000000
-605.000000
3600.000000
6396.000000
6746.000000
1889.000000
-111.000000
-1612.000000
779.000000
4629.000000
7809.000000
6941.000000
4016.000000
-226.000000
-2740.000000
-2110.000000
-144.000000
963.000000
2173.000000
1549.000000
1364.000000
1742.000000
2635.000000
2176.000000
899.000000
-1957.000000
-5239.000000
-7190.000000
-7196.000000
-5592.000000
-3122.000000
-1999.000000
-1732.000000
-3732.000000
-5258.000000
-7655.000000
-3624.000000
7248.000000
9154.000000
12320.000000
5088.000000
-3596.000000
-12166.000000
-9274.000000
-5557.000000
1165.000000
7121.000000
2965.000000
1899.000000
-1641.000000
188.000000
2204.000000
7564.000000
4381.000000
2255.000000
-2751.000000
-6871.000000
-5377.000000
-1351.000000
4200.000000
6639.000000
8239.000000
2530.000000
39.000000
-2433.000000
-637.000000
3152.000000
6639.000000
6782.000000
4475.000000
1078.000000
-1677.000000
-1424.000000
-54.000000
437.000000
976.000000
496.000000
323.000000
1292.000000
2471.000000
2352.000000
1280.000000
-1252.000000
-4401.000000
-6368.000000
-7186.000000
-6387.000000
-4004.000000
-2763.000000
-2280.000000
-4320.000000
-5015.000000
-8585.000000
-3.000000
8757.000000
10682.000000
11546.000000
1304.000000
-8215.000000
-15609.000000
-8191.000000
-5597.000000
6417.000000
6869.000000
3866.000000
-151.000000
-2279.000000
-1129.000000
2135.000000
6918.000000
1128.000000
1438.000000
-5503.000000
-5865.000000
-4498.000000
1858.000000
4492.000000
7892.000000
6305.000000
262.000000
-2195.000000
-4116.000000
-1306.000000
2853.000000
7626.000000
7087.000000
5427.000000
1856.000000
-905.000000
-1333.000000
-317.000000
-765.000000
-556.000000
-792.000000
-35.000000
1481.000000
3842.000000
2780.000000
1686.000000
-2053.000000
-5050.000000
-6979.000000
-6393.000000
-5500.000000
-3018.000000
-2192.000000
-2472.000000
-4286.000000
-5084.000000
-7951.000000
1608.000000
7759.000000
10429.000000
9117.000000
465.000000
-9345.000000
-13122.000000
-6495.000000
-3563.000000
7520.000000
5173.000000
2908.000000
-2517.000000
-1720.000000
-1662.000000
4434.000000
5852.000000
1766.000000
-273.000000
-5298.000000
-5327.000000
-2960.000000
3283.000000
3971.000000
7256.000000
3697.000000
-83.000000
-2362.000000
-2437.000000
-476.000000
3389.000000
5800.000000
5971.000000
5213.000000
2750.000000
828.000000
205.000000
-1059.000000
-1658.000000
-1827.000000
-1673.000000
-111.000000
2237.000000
3673.000000
3321.000000
2033.000000
-1865.000000
-4633.000000
-6450.000000
-6541.000000
-4752.000000
-2852.000000
-1785.000000
-2922.000000
-3056.000000
-6054.000000
-3666.000000
5387.000000
7044.000000
9929.000000
3535.000000
-3108.000000
-12690.000000
-7830.000000
-6124.000000
2620.000000
6620.000000
4419.000000
555.000000
-2841.000000
-1834.000000
-774.000000
5909.000000
2321.000000
2034.000000
-3446.000000
-4044.000000
-4819.000000
1285.000000
3233.000000
5543.000000
5201.000000
1077.000000
-1846.000000
-2450.000000
-1700.000000
831.000000
4217.000000
4726.000000
4728.000000
4179.000000
2503.000000
1815.000000
1184.000000
-1131.000000
-2155.000000
-2621.000000
-1725.000000
178.000000
3116.000000
3121.000000
2963.000000
1142.000000
-1530.000000
-3725.000000
-4424.000000
-5282.000000
-3791.000000
-2433.000000
-1535.000000
-2504.000000
-2923.000000
-6451.000000
-341.000000
4247.000000
7773.000000
7589.000000
2404.000000
-5712.000000
-10008.000000
-6184.000000
-3899.000000
5099.000000
4403.000000
4011.000000
-1957.000000
-1602.000000
-3381.000000
2625.000000
3362.000000
3376.000000
361.000000
-2372.000000
-4295.000000
-2749.000000
1016.000000
2845.000000
5121.000000
3399.000000
555.000000
-1986.000000
-1988.000000
-1344.000000
2021.000000
3820.000000
4252.000000
3541.000000
2525.000000
842.000000
1618.000000
238.000000
-586.000000
-2028.000000
-2264.000000
-2117.000000
750.000000
2109.000000
2808.000000
2089.000000
228.000000
-1639.000000
-2840.000000
-3617.000000
-3389.000000
-1785.000000
-94.000000
1086.000000
2220.000000
864.000000
-1333.000000
-3913.000000
-6354.000000
-8225.000000
-6833.000000
-2531.000000
2490.000000
6934.000000
7833.000000
5531.000000
1052.000000
-2441.000000
-4724.000000
-4903.000000
-4304.000000
-3816.000000
-2820.000000
-845.000000
1921.000000
5035.000000
7123.000000
5652.000000
2145.000000
-2168.000000
-5491.000000
-5644.000000
-3630.000000
-1003.000000
1580.000000
3305.000000
3733.000000
3838.000000
3416.000000
2441.000000
1641.000000
126.000000
-1337.000000
-2268.000000
-3195.000000
-2582.000000
-1084.000000
838.000000
2120.000000
2730.000000
1622.000000
-52.000000
-1461.000000
-2790.000000
-2700.000000
-2421.000000
-1434.000000
-841.000000
-64.000000
-3.000000
-333.000000
117.000000
879.000000
1492.000000
965.000000
162.000000
-2099.000000
-3247.000000
-2780.000000
-1392.000000
841.000000
2433.000000
2416.000000
1032.000000
90.000000
-1341.000000
-1505.000000
-978.000000
-926.000000
-212.000000
366.000000
652.000000
988.000000
1252.000000
622.000000
56.000000
-239.000000
-30.000000
899.000000
1738.000000
1867.000000
1017.000000
92.000000
-500.000000
-49.000000
970.000000
2353.000000
2186.000000
1277.000000
-50.000000
-1098.000000
-1041.000000
67.000000
1151.000000
1495.000000
1044.000000
-280.000000
-1814.000000
-3030.000000
-3556.000000
-1829.000000
412.000000
3062.000000
3823.000000
2706.000000
373.000000
-1440.000000
-1574.000000
-676.000000
699.000000
201.000000
-627.000000
-1865.000000
-1702.000000
-348.000000
1938.000000
2572.000000
2276.000000
826.000000
-924.000000
-1591.000000
-1171.000000
-737.000000
-399.000000
-144.000000
-651.000000
-386.000000
236.000000
907.000000
1743.000000
1545.000000
306.000000
-621.000000
-1292.000000
-1333.000000
-320.000000
845.000000
923.000000
837.000000
249.000000
-24.000000
396.000000
1232.000000
1692.000000
1669.000000
906.000000
-179.000000
-856.000000
-1131.000000
-840.000000
-477.000000
68.000000
188.000000
313.000000
-128.000000
-471.000000
-962.000000
-1209.000000
-1562.000000
-1596.000000
-1805.000000
-1710.000000
-1248.000000
-624.000000
1087.000000
2151.000000
2176.000000
971.000000
-633.000000
-2452.000000
-2752.000000
-1859.000000
-908.000000
112.000000
512.000000
569.000000
675.000000
1199.000000
996.000000
379.000000
-980.000000
-2444.000000
-3279.000000
-2681.000000
-1301.000000
606.000000
1987.000000
2229.000000
1301.000000
332.000000
-933.000000
-1767.000000
-1691.000000
-1513.000000
-1090.000000
-234.000000
420.000000
870.000000
1475.000000
1507.000000
1173.000000
728.000000
-32.000000
-1136.000000
-1205.000000
-855.000000
-201.000000
594.000000
896.000000
411.000000
-136.000000
-345.000000
-721.000000
-669.000000
-789.000000
-1300.000000
-1503.000000
-1226.000000
-605.000000
610.000000
1430.000000
1808.000000
1122.000000
-64.000000
-1556.000000
-2061.000000
-2039.000000
-1022.000000
98.000000
718.000000
1014.000000
771.000000
751.000000
621.000000
663.000000
-16.000000
-902.000000
-1930.000000
-2280.000000
-1608.000000
-339.000000
1024.000000
1881.000000
1800.000000
1131.000000
221.000000
-454.000000
-888.000000
-1234.000000
-1069.000000
-889.000000
-183.000000
768.000000
1708.000000
2214.000000
2175.000000
1422.000000
232.000000
-662.000000
-1399.000000
-1291.000000
-617.000000
350.000000
1265.000000
1719.000000
1491.000000
698.000000
-96.000000
-980.000000
-1325.000000
-1542.000000
-1216.000000
-834.000000
-103.000000
460.000000
887.000000
1212.000000
1029.000000
826.000000
-9.000000
-830.000000
-1821.000000
-1956.000000
-1573.000000
-432.000000
806.000000
1487.000000
1647.000000
1121.000000
572.000000
102.000000
-317.000000
-802.000000
-1310.000000
-1487.000000
-1245.000000
-291.000000
812.000000
1523.000000
1740.000000
1039.000000
173.000000
-635.000000
-959.000000
-886.000000
-507.000000
-153.000000
210.000000
570.000000
878.000000
1213.000000
1233.000000
977.000000
464.000000
36.000000
-359.000000
-415.000000
-174.000000
250.000000
815.000000
1294.000000
1439.000000
913.000000
166.000000
-712.000000
-1167.000000
-978.000000
-538.000000
90.000000
471.000000
612.000000
393.000000
375.000000
257.000000
289.000000
326.000000
7.000000
-355.000000
-789.000000
-864.000000
-604.000000
35.000000
486.000000
661.000000
503.000000
140.000000
-207.000000
-221.000000
-310.000000
-322.000000
-252.000000
-209.000000
-154.000000
-14.000000
4.000000
-21.000000
232.000000
441.000000
638.000000
699.000000
432.000000
-143.000000
-455.000000
-616.000000
-237.000000
336.000000
781.000000
853.000000
591.000000
159.000000
-172.000000
-96.000000
-46.000000
70.000000
160.000000
200.000000
368.000000
708.000000
901.000000
689.000000
380.000000
-406.000000
-940.000000
-1091.000000
-868.000000
-411.000000
180.000000
392.000000
198.000000
71.000000
-327.000000
-453.000000
-468.000000
-522.000000
-736.000000
-915.000000
-1047.000000
-889.000000
-356.000000
100.000000
334.000000
154.000000
-526.000000
-1274.000000
-1563.000000
-1563.000000
-1079.000000
-359.000000
168.000000
219.000000
180.000000
-293.000000
-720.000000
-790.000000
-724.000000
-636.000000
-350.000000
-341.000000
-442.000000
-299.000000
-250.000000
-22.000000
109.000000
58.000000
-257.000000
-407.000000
-598.000000
-575.000000
-371.000000
-315.000000
-404.000000
-278.000000
-233.000000
19.000000
377.000000
435.000000
202.000000
-73.000000
-621.000000
-968.000000
-928.000000
-755.000000
-571.000000
-230.000000
-160.000000
-189.000000
-7.000000
11.000000
145.000000
147.000000
-46.000000
-591.000000
-983.000000
-1337.000000
-1230.000000
-664.000000
40.000000
535.000000
691.000000
244.000000
-287.000000
-785.000000
-1007.000000
-967.000000
-670.000000
-427.000000
-146.000000
139.000000
235.000000
344.000000
290.000000
195.000000
-75.000000
-101.000000
-195.000000
-58.000000
150.000000
341.000000
341.000000
373.000000
249.000000
227.000000
332.000000
506.000000
485.000000
441.000000
260.000000
79.000000
226.000000
454.000000
743.000000
933.000000
862.000000
589.000000
353.000000
177.000000
188.000000
326.000000
499.000000
353.000000
314.000000
75.000000
16.000000
58.000000
374.000000
528.000000
676.000000
609.000000
274.000000
-23.000000
-271.000000
-377.000000
-290.000000
64.000000
289.000000
500.000000
402.000000
279.000000
-57.000000
-43.000000
-68.000000
103.000000
220.000000
328.000000
317.000000
373.000000
424.000000
440.000000
454.000000
397.000000
267.000000
154.000000
93.000000
148.000000
293.000000
398.000000
495.000000
488.000000
508.000000
491.000000
564.000000
408.000000
211.000000
-13.000000
-91.000000
100.000000
446.000000
703.000000
860.000000
731.000000
614.000000
409.000000
355.000000
216.000000
42.000000
-181.000000
-361.000000
-320.000000
17.000000
415.000000
612.000000
584.000000
153.000000
-264.000000
-519.000000
-544.000000
-541.000000
-371.000000
-481.000000
-526.000000
-413.000000
-156.000000
50.000000
238.000000
129.000000
-273.000000
-559.000000
-846.000000
-938.000000
-753.000000
-442.000000
-151.000000
143.000000
163.000000
-18.000000
-235.000000
-401.000000
-526.000000
-483.000000
-497.000000
-518.000000
-499.000000
-416.000000
-343.000000
-264.000000
-257.000000
-286.000000
-340.000000
-392.000000
-441.000000
-436.000000
-400.000000
-296.000000
-163.000000
1.000000
97.000000
81.000000
56.000000
-61.000000
-147.000000
-240.000000
-369.000000
-574.000000
-648.000000
-668.000000
-380.000000
-117.000000
97.000000
-1.000000
-284.000000
-618.000000
-759.000000
-679.000000
-601.000000
-431.000000
-494.000000
-429.000000
-385.000000
-212.000000
-190.000000
-155.000000
-261.000000
-347.000000
-350.000000
-289.000000
-167.000000
-43.000000
71.000000
134.000000
98.000000
13.000000
-143.000000
-209.000000
-126.000000
58.000000
217.000000
298.000000
293.000000
290.000000
323.000000
347.000000
270.000000
77.000000
-33.000000
-135.000000
23.000000
290.000000
648.000000
867.000000
885.000000
648.000000
414.000000
301.000000
452.000000
751.000000
1016.000000
1015.000000
786.000000
409.000000
146.000000
187.000000
483.000000
807.000000
943.000000
813.000000
425.000000
175.000000
164.000000
395.000000
607.000000
669.000000
436.000000
139.000000
10.000000
105.000000
400.000000
621.000000
710.000000
506.000000
375.000000
207.000000
203.000000
304.000000
334.000000
372.000000
434.000000
447.000000
394.000000
428.000000
381.000000
391.000000
381.000000
317.000000
262.000000
242.000000
308.000000
354.000000
374.000000
283.000000
104.000000
12.000000
-5.000000
171.000000
409.000000
586.000000
580.000000
380.000000
84.000000
-53.000000
-14.000000
243.000000
504.000000
644.000000
509.000000
263.000000
-82.000000
-256.000000
-277.000000
-130.000000
-17.000000
51.000000
-26.000000
-206.000000
-337.000000
-400.000000
-303.000000
-289.000000
-243.000000
-355.000000
-421.000000
-489.000000
-485.000000
-452.000000
-444.000000
-493.000000
-508.000000
-433.000000
-380.000000
-279.000000
-316.000000
-435.000000
-539.000000
-594.000000
-629.000000
-595.000000
-550.000000
-528.000000
-443.000000
-362.000000
-266.000000
-198.000000
-155.000000
-233.000000
-367.000000
-571.000000
-742.000000
-850.000000
-761.000000
-526.000000
-256.000000
23.000000
168.000000
109.000000
-118.000000
-385.000000
-577.000000
-560.000000
-359.000000
-96.000000
101.000000
168.000000
72.000000
-82.000000
-188.000000
-189.000000
-135.000000
-75.000000
-58.000000
-154.000000
-254.000000
-378.000000
-396.000000
-274.000000
-96.000000
32.000000
121.000000
146.000000
44.000000
-43.000000
-133.000000
-172.000000
-210.000000
-125.000000
-70.000000
47.000000
115.000000
182.000000
194.000000
267.000000
317.000000
291.000000
179.000000
-15.000000
-176.000000
-248.000000
-103.000000
137.000000
443.000000
670.000000
733.000000
608.000000
397.000000
149.000000
-8.000000
-1.000000
170.000000
357.000000
577.000000
763.000000
805.000000
776.000000
698.000000
560.000000
446.000000
434.000000
420.000000
451.000000
491.000000
516.000000
555.000000
584.000000
595.000000
559.000000
551.000000
456.000000
340.000000
223.000000
137.000000
142.000000
282.000000
441.000000
546.000000
630.000000
551.000000
411.000000
278.000000
193.000000
193.000000
271.000000
374.000000
400.000000
415.000000
281.000000
210.000000
157.000000
115.000000
111.000000
106.000000
47.000000
35.000000
81.000000
96.000000
157.000000
138.000000
147.000000
86.000000
114.000000
72.000000
62.000000
46.000000
30.000000
127.000000
242.000000
355.000000
368.000000
365.000000
159.000000
-21.000000
-116.000000
-135.000000
-54.000000
132.000000
221.000000
231.000000
225.000000
125.000000
36.000000
-37.000000
-137.000000
-253.000000
-246.000000
-227.000000
-157.000000
-65.000000
-81.000000
-141.000000
-186.000000
-153.000000
-100.000000
-19.000000
-57.000000
-151.000000
-265.000000
-404.000000
-454.000000
-357.000000
-269.000000
-146.000000
-49.000000
-94.000000
-155.000000
-212.000000
-311.000000
-365.000000
-367.000000
-418.000000
-432.000000
-386.000000
-361.000000
-286.000000
-200.000000
-161.000000
-133.000000
-147.000000
-199.000000
-271.000000
-319.000000
-357.000000
-294.000000
-159.000000
17.000000
174.000000
194.000000
87.000000
-88.000000
-207.000000
-259.000000
-161.000000
-60.000000
37.000000
104.000000
139.000000
108.000000
66.000000
38.000000
-40.000000
-71.000000
-114.000000
-154.000000
-171.000000
-116.000000
-43.000000
22.000000
58.000000
66.000000
76.000000
94.000000
108.000000
101.000000
55.000000
-32.000000
-117.000000
