# Frecuencia de muestreo: 8000 Hz
-22.000000
-30.000000
-17.000000
-3.000000
-23.000000
-58.000000
-86.000000
-95.000000
-91.000000
-82.000000
-84.000000
-110.000000
-133.000000
-140.000000
-131.000000
-120.000000
-119.000000
-135.000000
-146.000000
-134.000000
-117.000000
-113.000000
-115.000000
-119.000000
-124.000000
-123.000000
-124.000000
-114.000000
-107.000000
-106.000000
-106.000000
-123.000000
-142.000000
-144.000000
-132.000000
-141.000000
-153.000000
-200.000000
-219.000000
-189.000000
-143.000000
-128.000000
-119.000000
-124.000000
-137.000000
-110.000000
-71.000000
-57.000000
-53.000000
-66.000000
-89.000000
-94.000000
-95.000000
-93.000000
-82.000000
-73.000000
-72.000000
-74.000000
-53.000000
-41.000000
-29.000000
11.000000
40.000000
51.000000
63.000000
59.000000
60.000000
81.000000
90.000000
113.000000
128.000000
125.000000
109.000000
95.000000
89.000000
81.000000
92.000000
103.000000
125.000000
150.000000
165.000000
166.000000
174.000000
197.000000
194.000000
239.000000
220.000000
287.000000
255.000000
933.000000
606.000000
176.000000
795.000000
863.000000
137.000000
374.000000
560.000000
-10.000000
282.000000
91.000000
-140.000000
161.000000
283.000000
-94.000000
315.000000
520.000000
414.000000
365.000000
418.000000
462.000000
552.000000
428.000000
264.000000
372.000000
408.000000
341.000000
352.000000
571.000000
506.000000
462.000000
498.000000
544.000000
625.000000
721.000000
505.000000
498.000000
762.000000
529.000000
317.000000
512.000000
570.000000
289.000000
258.000000
326.000000
126.000000
224.000000
279.000000
208.000000
-1.000000
-137.000000
176.000000
-4.000000
-338.000000
127.000000
256.000000
-129.000000
228.000000
490.000000
175.000000
395.000000
445.000000
160.000000
419.000000
311.000000
39.000000
217.000000
137.000000
107.000000
257.000000
2.000000
-256.000000
-35.000000
-435.000000
-824.000000
-734.000000
-1064.000000
-1375.000000
-1395.000000
-1496.000000
-1692.000000
-1405.000000
-1041.000000
654.000000
1429.000000
387.000000
2260.000000
3416.000000
1448.000000
1679.000000
2382.000000
315.000000
-70.000000
-174.000000
-1844.000000
-1121.000000
-672.000000
-1780.000000
-571.000000
775.000000
536.000000
1077.000000
1656.000000
1300.000000
1659.000000
1505.000000
263.000000
98.000000
209.000000
-866.000000
-1285.000000
-926.000000
-917.000000
-1208.000000
-989.000000
-607.000000
-413.000000
-103.000000
-1.000000
62.000000
214.000000
205.000000
-187.000000
-316.000000
-442.000000
-710.000000
-897.000000
-1085.000000
-1432.000000
-1516.000000
-1733.000000
-2267.000000
-2378.000000
-2359.000000
-2640.000000
-3199.000000
-1282.000000
2262.000000
-221.000000
62.000000
5392.000000
2799.000000
1040.000000
3773.000000
1219.000000
-88.000000
1031.000000
-2291.000000
-2822.000000
-322.000000
-2359.000000
-2729.000000
492.000000
1041.000000
1392.000000
2513.000000
2610.000000
2768.000000
3752.000000
2769.000000
778.000000
1414.000000
476.000000
-1439.000000
-1143.000000
-939.000000
-1400.000000
-716.000000
120.000000
166.000000
1299.000000
2133.000000
1467.000000
1771.000000
2113.000000
1024.000000
328.000000
66.000000
-385.000000
-621.000000
-825.000000
-1142.000000
-677.000000
-74.000000
-294.000000
-409.000000
285.000000
304.000000
-289.000000
-523.000000
-682.000000
-899.000000
-1454.000000
-2129.000000
-2306.000000
-2300.000000
-2885.000000
-3033.000000
-2786.000000
-2364.000000
-2095.000000
1214.000000
2308.000000
585.000000
4804.000000
5581.000000
2568.000000
4391.000000
3948.000000
614.000000
1404.000000
-359.000000
-3383.000000
-1479.000000
-2013.000000
-3824.000000
-1378.000000
-60.000000
398.000000
1918.000000
2723.000000
3012.000000
3854.000000
3835.000000
1999.000000
1955.000000
1444.000000
-373.000000
-861.000000
-817.000000
-1389.000000
-1366.000000
-776.000000
-525.000000
246.000000
1011.000000
843.000000
1044.000000
1339.000000
457.000000
224.000000
-97.000000
-868.000000
-846.000000
-673.000000
-1416.000000
-1081.000000
-442.000000
-1094.000000
-1304.000000
-884.000000
-1194.000000
-1724.000000
-1981.000000
-2409.000000
-2363.000000
-2340.000000
-2854.000000
-3103.000000
-2724.000000
-3102.000000
-3329.000000
-3159.000000
-2336.000000
1412.000000
366.000000
-690.000000
5159.000000
4422.000000
1402.000000
4514.000000
3527.000000
788.000000
1736.000000
-944.000000
-3041.000000
-1155.000000
-2756.000000
-4411.000000
-1574.000000
-477.000000
-665.000000
685.000000
1999.000000
2474.000000
3505.000000
3596.000000
1899.000000
2546.000000
2054.000000
-529.000000
-591.000000
-207.000000
-1094.000000
-1308.000000
-771.000000
-254.000000
487.000000
939.000000
595.000000
1191.000000
1715.000000
538.000000
-254.000000
-361.000000
-622.000000
-1120.000000
-1655.000000
-1501.000000
-624.000000
-395.000000
-921.000000
-997.000000
-604.000000
-869.000000
-1732.000000
-2215.000000
-2336.000000
-2646.000000
-3066.000000
-3207.000000
-2937.000000
-3035.000000
-3143.000000
-3034.000000
-2938.000000
-638.000000
3152.000000
-21.000000
1354.000000
7303.000000
3703.000000
2220.000000
5624.000000
2503.000000
710.000000
1796.000000
-2109.000000
-2405.000000
-482.000000
-3096.000000
-3384.000000
149.000000
524.000000
442.000000
2051.000000
2898.000000
3190.000000
4355.000000
3380.000000
1640.000000
2634.000000
1355.000000
-671.000000
-334.000000
-306.000000
-914.000000
-627.000000
-29.000000
410.000000
1664.000000
1980.000000
1375.000000
2273.000000
2541.000000
896.000000
74.000000
-222.000000
-827.000000
-1421.000000
-1765.000000
-1651.000000
-1263.000000
-1308.000000
-1431.000000
-1038.000000
-690.000000
-904.000000
-1299.000000
-1668.000000
-2070.000000
-2717.000000
-3279.000000
-3558.000000
-3404.000000
-3667.000000
-4080.000000
-4196.000000
-3490.000000
-3178.000000
1139.000000
3340.000000
-851.000000
5212.000000
8678.000000
1925.000000
4120.000000
6290.000000
257.000000
929.000000
211.000000
-4702.000000
-2666.000000
-2178.000000
-6010.000000
-3464.000000
500.000000
-462.000000
475.000000
2820.000000
3336.000000
4066.000000
4902.000000
2642.000000
1781.000000
3015.000000
-17.000000
-1914.000000
-428.000000
-1100.000000
-2087.000000
-1056.000000
-374.000000
292.000000
1662.000000
1302.000000
1387.000000
2781.000000
1693.000000
-43.000000
-42.000000
-892.000000
-1876.000000
-1969.000000
-2448.000000
-2280.000000
-1458.000000
-1744.000000
-2224.000000
-1287.000000
-1077.000000
-2251.000000
-2534.000000
-2243.000000
-2757.000000
-3196.000000
-3645.000000
-4108.000000
-3509.000000
-3785.000000
-4516.000000
-3327.000000
-2911.000000
-2956.000000
3332.000000
2278.000000
-926.000000
8234.000000
7032.000000
620.000000
6396.000000
5089.000000
-888.000000
1783.000000
-1357.000000
-5152.000000
-1380.000000
-3160.000000
-6333.000000
-1492.000000
609.000000
-762.000000
1685.000000
3849.000000
3813.000000
5001.000000
5215.000000
2639.000000
3164.000000
3164.000000
-827.000000
-939.000000
131.000000
-1360.000000
-2006.000000
-706.000000
480.000000
870.000000
1383.000000
1642.000000
2437.000000
2874.000000
1096.000000
-127.000000
188.000000
-702.000000
-1896.000000
-2140.000000
-1591.000000
-1559.000000
-1510.000000
-1623.000000
-1726.000000
-746.000000
-1267.000000
-2842.000000
-2283.000000
-1593.000000
-2775.000000
-3026.000000
-2599.000000
-2688.000000
-3497.000000
-3231.000000
-2732.000000
-2878.000000
-2809.000000
689.000000
4001.000000
-274.000000
3760.000000
9245.000000
2976.000000
3535.000000
7643.000000
1739.000000
932.000000
2185.000000
-3273.000000
-2492.000000
-630.000000
-4691.000000
-3719.000000
492.000000
-119.000000
395.000000
2939.000000
3763.000000
4294.000000
5209.000000
4266.000000
3118.000000
3902.000000
1814.000000
-523.000000
493.000000
-158.000000
-1400.000000
-1304.000000
-64.000000
683.000000
828.000000
1063.000000
1721.000000
2547.000000
1647.000000
203.000000
346.000000
-172.000000
-1379.000000
-1558.000000
-1805.000000
-1924.000000
-1876.000000
-1874.000000
-2224.000000
-1717.000000
-1222.000000
-2221.000000
-2490.000000
-2059.000000
-2392.000000
-2563.000000
-2332.000000
-2476.000000
-2900.000000
-3291.000000
-3113.000000
-3128.000000
-3220.000000
-3491.000000
312.000000
3841.000000
-820.000000
3187.000000
9105.000000
2628.000000
3382.000000
7597.000000
1120.000000
1008.000000
2183.000000
-4306.000000
-2920.000000
-940.000000
-5512.000000
-4319.000000
-170.000000
-501.000000
-26.000000
2570.000000
3894.000000
4101.000000
5257.000000
4505.000000
2798.000000
3782.000000
1981.000000
-939.000000
257.000000
-272.000000
-2431.000000
-1966.000000
-360.000000
-335.000000
-68.000000
975.000000
1290.000000
2091.000000
1685.000000
281.000000
166.000000
-107.000000
-1308.000000
-2075.000000
-2249.000000
-2318.000000
-2468.000000
-2561.000000
-2922.000000
-2332.000000
-1674.000000
-2587.000000
-2450.000000
-1804.000000
-2105.000000
-2156.000000
-1684.000000
-2152.000000
-2376.000000
-2534.000000
-2768.000000
-2872.000000
-3243.000000
-3584.000000
-1068.000000
3357.000000
221.000000
919.000000
8464.000000
4999.000000
1793.000000
7309.000000
3813.000000
623.000000
2952.000000
-2030.000000
-3461.000000
-308.000000
-3758.000000
-4897.000000
-304.000000
358.000000
-311.000000
2064.000000
4150.000000
4122.000000
5119.000000
5388.000000
3702.000000
3856.000000
3350.000000
201.000000
266.000000
753.000000
-1701.000000
-1688.000000
108.000000
-298.000000
-236.000000
1437.000000
1527.000000
2104.000000
2525.000000
1137.000000
743.000000
1026.000000
-450.000000
-1661.000000
-1419.000000
-1715.000000
-2347.000000
-2085.000000
-2054.000000
-2029.000000
-1365.000000
-1714.000000
-2180.000000
-1677.000000
-1574.000000
-1780.000000
-1910.000000
-1946.000000
-2069.000000
-1934.000000
-2372.000000
-2562.000000
-2338.000000
-2479.000000
-1970.000000
2022.000000
3648.000000
-385.000000
4729.000000
8713.000000
2404.000000
4031.000000
7283.000000
1488.000000
1461.000000
1485.000000
-3393.000000
-1566.000000
-976.000000
-4724.000000
-2521.000000
896.000000
254.000000
904.000000
3298.000000
4329.000000
4501.000000
5422.000000
4656.000000
3139.000000
3743.000000
1891.000000
-794.000000
455.000000
-558.000000
-2365.000000
-1029.000000
-316.000000
-710.000000
594.000000
1576.000000
1367.000000
2369.000000
1941.000000
409.000000
322.000000
-142.000000
-1824.000000
-2362.000000
-2188.000000
-2627.000000
-2762.000000
-2595.000000
-2607.000000
-2280.000000
-1825.000000
-2232.000000
-2235.000000
-1696.000000
-1620.000000
-2227.000000
-2413.000000
-2217.000000
-2137.000000
-2631.000000
-3252.000000
-2691.000000
-2553.000000
-3070.000000
-2393.000000
2555.000000
2638.000000
-740.000000
5998.000000
7538.000000
1378.000000
5010.000000
5858.000000
230.000000
1796.000000
-15.000000
-4107.000000
-1413.000000
-2012.000000
-5131.000000
-2344.000000
719.000000
216.000000
1053.000000
3490.000000
4346.000000
4744.000000
5382.000000
3862.000000
3130.000000
3908.000000
613.000000
-1182.000000
285.000000
-1380.000000
-2618.000000
-1337.000000
-758.000000
-546.000000
936.000000
1266.000000
1643.000000
2742.000000
1782.000000
406.000000
760.000000
-62.000000
-2023.000000
-2381.000000
-2291.000000
-2784.000000
-3045.000000
-2844.000000
-2345.000000
-1635.000000
-1588.000000
-1876.000000
-1038.000000
-740.000000
-1622.000000
-1837.000000
-1803.000000
-2228.000000
-2666.000000
-3147.000000
-3113.000000
-2856.000000
-2982.000000
-3189.000000
440.000000
4738.000000
89.000000
3436.000000
10073.000000
3811.000000
3669.000000
7944.000000
2685.000000
1276.000000
1982.000000
-2912.000000
-2555.000000
-737.000000
-4230.000000
-3819.000000
769.000000
822.000000
669.000000
3110.000000
4945.000000
5274.000000
5937.000000
5400.000000
3763.000000
4590.000000
2179.000000
-714.000000
6.000000
-696.000000
-3101.000000
-2312.000000
-481.000000
-1526.000000
-11.000000
2014.000000
1491.000000
2575.000000
3504.000000
1352.000000
1082.000000
1239.000000
-1130.000000
-2564.000000
-2116.000000
-2867.000000
-3766.000000
-3099.000000
-2793.000000
-2206.000000
-1427.000000
-1882.000000
-1401.000000
-567.000000
-1630.000000
-1895.000000
-1669.000000
-2552.000000
-2697.000000
-3157.000000
-3785.000000
-3417.000000
-3312.000000
-4068.000000
-1607.000000
4132.000000
743.000000
982.000000
9135.000000
5711.000000
2704.000000
6821.000000
4996.000000
819.000000
1896.000000
-1149.000000
-3888.000000
-722.000000
-3814.000000
-5415.000000
-851.000000
434.000000
-509.000000
1152.000000
4567.000000
4127.000000
4908.000000
5117.000000
3837.000000
4151.000000
2329.000000
-37.000000
-923.000000
-287.000000
-2875.000000
-3487.000000
-1236.000000
-1607.000000
-1322.000000
853.000000
1025.000000
1812.000000
2890.000000
1458.000000
504.000000
1017.000000
-159.000000
-2608.000000
-2112.000000
-2103.000000
-3237.000000
-3707.000000
-3201.000000
-2841.000000
-2442.000000
-2906.000000
-3241.000000
-2331.000000
-2574.000000
-3164.000000
-3503.000000
-3073.000000
-3892.000000
-4187.000000
-3996.000000
-4197.000000
-4286.000000
2659.000000
2277.000000
-2169.000000
8122.000000
8179.000000
2591.000000
5525.000000
7752.000000
1881.000000
1497.000000
898.000000
-4130.000000
-1236.000000
-2743.000000
-5764.000000
-2555.000000
819.000000
-104.000000
-132.000000
4430.000000
4361.000000
4978.000000
5920.000000
4251.000000
4390.000000
3618.000000
937.000000
-1137.000000
576.000000
-1453.000000
-3519.000000
-1233.000000
-625.000000
-1166.000000
531.000000
1181.000000
2160.000000
3092.000000
2416.000000
1418.000000
1864.000000
853.000000
-1447.000000
-1159.000000
-1583.000000
-2596.000000
-3274.000000
-2714.000000
-2909.000000
-3113.000000
-2551.000000
-2420.000000
-2320.000000
-2876.000000
-3054.000000
-3344.000000
-3291.000000
-3781.000000
-3783.000000
-4524.000000
-4098.000000
-3903.000000
1204.000000
2960.000000
-2082.000000
6484.000000
8944.000000
3247.000000
4733.000000
8273.000000
3384.000000
923.000000
1743.000000
-2463.000000
-1077.000000
-2279.000000
-5549.000000
-2736.000000
261.000000
-43.000000
-991.000000
3387.000000
4795.000000
3774.000000
5186.000000
4713.000000
4833.000000
3584.000000
1503.000000
172.000000
1107.000000
-550.000000
-3178.000000
-1524.000000
47.000000
-1461.000000
-773.000000
1443.000000
2030.000000
1874.000000
2380.000000
2145.000000
1672.000000
1143.000000
-880.000000
-1469.000000
-883.000000
-1857.000000
-3699.000000
-3020.000000
-2661.000000
-3630.000000
-3737.000000
-3296.000000
-3097.000000
-3193.000000
-3375.000000
-3761.000000
-3558.000000
-3654.000000
-4285.000000
-4852.000000
-4383.000000
-4565.000000
-2437.000000
3431.000000
-1757.000000
1321.000000
9313.000000
4164.000000
3027.000000
7628.000000
5711.000000
321.000000
2441.000000
-624.000000
-2926.000000
-1091.000000
-4870.000000
-4737.000000
-1257.000000
-338.000000
-1992.000000
852.000000
4482.000000
2357.000000
4294.000000
5092.000000
4385.000000
3763.000000
2502.000000
1178.000000
1117.000000
541.000000
-2496.000000
-1864.000000
227.000000
-1581.000000
-2094.000000
1075.000000
1310.000000
777.000000
1722.000000
2078.000000
1257.000000
1337.000000
-234.000000
-1256.000000
-277.000000
-1239.000000
-3051.000000
-2728.000000
-2079.000000
-3501.000000
-4049.000000
-3425.000000
-3352.000000
-3679.000000
-4193.000000
-3972.000000
-3582.000000
-3832.000000
-4616.000000
-3904.000000
-3850.000000
-4380.000000
-4236.000000
2150.000000
2774.000000
-2691.000000
6556.000000
8096.000000
2211.000000
4694.000000
7652.000000
2092.000000
896.000000
1813.000000
-3091.000000
-828.000000
-2029.000000
-5412.000000
-2350.000000
551.000000
-358.000000
-873.000000
3725.000000
3719.000000
3381.000000
5281.000000
4096.000000
4406.000000
3592.000000
1772.000000
1119.000000
1751.000000
151.000000
-1952.000000
-470.000000
911.000000
-899.000000
-318.000000
1555.000000
2315.000000
1146.000000
1634.000000
2586.000000
1301.000000
362.000000
-679.000000
-394.000000
-592.000000
-1817.000000
-2767.000000
-1646.000000
-1822.000000
-3752.000000
-3369.000000
-2480.000000
-3145.000000
-4208.000000
-4119.000000
-3473.000000
-3907.000000
-4656.000000
-4496.000000
-3404.000000
-3717.000000
-3765.000000
-3666.000000
2327.000000
3662.000000
-2229.000000
6445.000000
8479.000000
2690.000000
4072.000000
7132.000000
2114.000000
449.000000
1964.000000
-3159.000000
-1484.000000
-1785.000000
-4759.000000
-3042.000000
403.000000
402.000000
-1045.000000
3174.000000
3825.000000
3435.000000
4992.000000
3901.000000
4072.000000
3317.000000
2352.000000
411.000000
1049.000000
675.000000
-2191.000000
-1096.000000
679.000000
-554.000000
-778.000000
1368.000000
2076.000000
1014.000000
1974.000000
1812.000000
501.000000
690.000000
-597.000000
-1273.000000
-761.000000
-1522.000000
-3042.000000
-1835.000000
-2255.000000
-3686.000000
-2958.000000
-2911.000000
-3924.000000
-4006.000000
-3876.000000
-4574.000000
-4246.000000
-4264.000000
-5038.000000
-3907.000000
-3744.000000
-4004.000000
-3356.000000
-199.000000
4603.000000
-1061.000000
3402.000000
9444.000000
3876.000000
2885.000000
6664.000000
4169.000000
-498.000000
2157.000000
-2008.000000
-2940.000000
-1090.000000
-4567.000000
-4034.000000
-329.000000
595.000000
-1551.000000
1965.000000
4755.000000
3125.000000
4720.000000
4844.000000
4386.000000
3877.000000
3123.000000
674.000000
779.000000
1397.000000
-1980.000000
-2148.000000
609.000000
-2.000000
-1133.000000
756.000000
2258.000000
2189.000000
2054.000000
1915.000000
1264.000000
1557.000000
-302.000000
-1072.000000
-530.000000
-1085.000000
-2515.000000
-2620.000000
-2094.000000
-3010.000000
-2776.000000
-3208.000000
-3286.000000
-3070.000000
-3515.000000
-4179.000000
-3675.000000
-3625.000000
-4285.000000
-3673.000000
-3574.000000
-3481.000000
-3093.000000
-2721.000000
4148.000000
1912.000000
-359.000000
9018.000000
6812.000000
2260.000000
5916.000000
6706.000000
460.000000
1641.000000
477.000000
-3561.000000
-995.000000
-2860.000000
-5282.000000
-1476.000000
868.000000
-1172.000000
267.000000
4735.000000
3576.000000
4171.000000
5852.000000
4350.000000
4826.000000
4108.000000
1413.000000
824.000000
2160.000000
-972.000000
-2772.000000
136.000000
88.000000
-1478.000000
3.000000
1614.000000
2036.000000
2070.000000
1823.000000
1397.000000
2103.000000
302.000000
-1342.000000
-518.000000
-236.000000
-2443.000000
-3182.000000
-1482.000000
-2743.000000
-3228.000000
-3152.000000
-3089.000000
-3072.000000
-3458.000000
-4434.000000
-3814.000000
-2683.000000
-4182.000000
-4645.000000
-3077.000000
-3527.000000
-4137.000000
-3943.000000
1123.000000
4033.000000
-2166.000000
5268.000000
8922.000000
3019.000000
4001.000000
7007.000000
3343.000000
243.000000
1893.000000
-3011.000000
-2324.000000
-1616.000000
-5429.000000
-3427.000000
-465.000000
-117.000000
-1264.000000
2653.000000
4197.000000
3629.000000
5568.000000
4335.000000
5008.000000
4513.000000
2344.000000
539.000000
1680.000000
421.000000
-2700.000000
-1523.000000
-207.000000
-1344.000000
-1192.000000
596.000000
1727.000000
2133.000000
1733.000000
2041.000000
2301.000000
1189.000000
-519.000000
-100.000000
-325.000000
-1864.000000
-3041.000000
-2169.000000
-2552.000000
-3446.000000
-3103.000000
-3290.000000
-2968.000000
-3439.000000
-3849.000000
-3786.000000
-2796.000000
-3598.000000
-4417.000000
-3479.000000
-3334.000000
-3992.000000
-3892.000000
-2131.000000
4337.000000
-130.000000
437.000000
9392.000000
5452.000000
2403.000000
5832.000000
6399.000000
155.000000
1716.000000
-257.000000
-3283.000000
-779.000000
-3791.000000
-4630.000000
-1351.000000
662.000000
-1049.000000
555.000000
4574.000000
3772.000000
4548.000000
4896.000000
4911.000000
4850.000000
3350.000000
1275.000000
1280.000000
1522.000000
-912.000000
-2138.000000
-294.000000
9.000000
-1305.000000
196.000000
1508.000000
2212.000000
2091.000000
2014.000000
1861.000000
1868.000000
455.000000
-555.000000
-203.000000
-843.000000
-2522.000000
-2274.000000
-2014.000000
-3181.000000
-2892.000000
-3208.000000
-3283.000000
-3200.000000
-3515.000000
-3987.000000
-3226.000000
-2876.000000
-4148.000000
-3890.000000
-3292.000000
-3413.000000
-3462.000000
-3536.000000
3095.000000
2348.000000
-1449.000000
7669.000000
7508.000000
2402.000000
4841.000000
7310.000000
1452.000000
935.000000
1489.000000
-3299.000000
-1444.000000
-2411.000000
-4835.000000
-2556.000000
430.000000
-377.000000
-709.000000
3867.000000
3974.000000
3896.000000
5272.000000
4888.000000
4680.000000
3967.000000
2369.000000
896.000000
1801.000000
539.000000
-2165.000000
-889.000000
338.000000
-1001.000000
-457.000000
906.000000
2022.000000
1804.000000
1851.000000
1518.000000
1901.000000
889.000000
-636.000000
-377.000000
-618.000000
-1946.000000
-3049.000000
-2073.000000
-2934.000000
-3697.000000
-3370.000000
-3289.000000
-3394.000000
-3586.000000
-3873.000000
-3609.000000
-2983.000000
-3724.000000
-4603.000000
-3595.000000
-3486.000000
-3795.000000
-4713.000000
1348.000000
3424.000000
-2855.000000
5637.000000
8425.000000
2437.000000
3500.000000
7453.000000
2455.000000
169.000000
2071.000000
-2894.000000
-2146.000000
-1752.000000
-4832.000000
-3862.000000
-3.000000
-182.000000
-1475.000000
2775.000000
3971.000000
3411.000000
4817.000000
4743.000000
4386.000000
4197.000000
2833.000000
486.000000
1821.000000
1019.000000
-2221.000000
-1704.000000
248.000000
-904.000000
-1350.000000
509.000000
1475.000000
1302.000000
1720.000000
1400.000000
1478.000000
1228.000000
-322.000000
-694.000000
-673.000000
-1377.000000
-3083.000000
-2283.000000
-2653.000000
-3607.000000
-3250.000000
-3358.000000
-3466.000000
-3345.000000
-3334.000000
-3992.000000
-3139.000000
-2840.000000
-4253.000000
-3958.000000
-3515.000000
-3363.000000
-4495.000000
-2054.000000
4683.000000
-1439.000000
1547.000000
9401.000000
4356.000000
2391.000000
7069.000000
5677.000000
-252.000000
3118.000000
-454.000000
-3005.000000
-746.000000
-3598.000000
-4435.000000
-1297.000000
811.000000
-1496.000000
1090.000000
4364.000000
3354.000000
4677.000000
5172.000000
4865.000000
4624.000000
4086.000000
1537.000000
1497.000000
2136.000000
-876.000000
-2108.000000
70.000000
-192.000000
-1593.000000
-193.000000
1143.000000
1461.000000
1727.000000
1875.000000
1474.000000
1868.000000
750.000000
-335.000000
-204.000000
-211.000000
-2123.000000
-2606.000000
-2024.000000
-3322.000000
-3220.000000
-3184.000000
-3494.000000
-3245.000000
-2993.000000
-4051.000000
-3281.000000
-2201.000000
-3921.000000
-4208.000000
-2791.000000
-3129.000000
-3568.000000
-3850.000000
1237.000000
3580.000000
-1767.000000
5213.000000
7950.000000
3261.000000
3374.000000
6989.000000
3175.000000
526.000000
2297.000000
-2591.000000
-1598.000000
-1550.000000
-4282.000000
-3633.000000
-272.000000
313.000000
-1411.000000
2304.000000
4144.000000
3745.000000
4289.000000
4629.000000
4784.000000
4241.000000
2677.000000
1031.000000
1765.000000
869.000000
-1942.000000
-2085.000000
18.000000
-959.000000
-1569.000000
-710.000000
1429.000000
1821.000000
712.000000
1313.000000
1990.000000
1211.000000
-365.000000
-602.000000
-484.000000
-1079.000000
-3057.000000
-3104.000000
-2661.000000
-3223.000000
-3982.000000
-3800.000000
-3239.000000
-3527.000000
-3996.000000
-3863.000000
-2672.000000
-3062.000000
-4286.000000
-3808.000000
-3167.000000
-3512.000000
-4396.000000
-2555.000000
4147.000000
-633.000000
351.000000
8143.000000
4902.000000
2233.000000
5535.000000
6162.000000
-37.000000
2414.000000
-209.000000
-3155.000000
-828.000000
-3380.000000
-4441.000000
-2415.000000
750.000000
-1518.000000
-79.000000
3881.000000
3384.000000
3972.000000
4558.000000
4998.000000
4405.000000
3711.000000
1821.000000
1310.000000
1620.000000
-496.000000
-2687.000000
-666.000000
-266.000000
-1928.000000
-1240.000000
768.000000
1747.000000
835.000000
1544.000000
2049.000000
1948.000000
421.000000
-116.000000
131.000000
-466.000000
-2207.000000
-2799.000000
-2088.000000
-3123.000000
-3548.000000
-3409.000000
-3179.000000
-3315.000000
-3265.000000
-3620.000000
-3042.000000
-2064.000000
-3376.000000
-3735.000000
-2456.000000
-2806.000000
-3526.000000
-3442.000000
-1550.000000
3953.000000
-346.000000
1077.000000
7816.000000
5166.000000
2295.000000
5593.000000
5961.000000
538.000000
2670.000000
-542.000000
-1963.000000
-622.000000
-3211.000000
-4111.000000
-1850.000000
1227.000000
-1495.000000
244.000000
4202.000000
3791.000000
3844.000000
4810.000000
5366.000000
4462.000000
3677.000000
2031.000000
1256.000000
1858.000000
-719.000000
-2953.000000
-237.000000
-307.000000
-2242.000000
-1221.000000
1587.000000
1394.000000
948.000000
1990.000000
1677.000000
1840.000000
833.000000
-282.000000
-112.000000
-292.000000
-2435.000000
-2953.000000
-2156.000000
-2934.000000
-3621.000000
-3647.000000
-3169.000000
-3186.000000
-3303.000000
-3567.000000
-2307.000000
-2221.000000
-3691.000000
-3323.000000
-2168.000000
-3439.000000
-3884.000000
-3897.000000
-392.000000
3960.000000
-2498.000000
3070.000000
8474.000000
3826.000000
2165.000000
7467.000000
5000.000000
171.000000
3143.000000
-1615.000000
-1117.000000
-1430.000000
-4041.000000
-4417.000000
-793.000000
545.000000
-2817.000000
1670.000000
4301.000000
3215.000000
3820.000000
5315.000000
5482.000000
4051.000000
3271.000000
1710.000000
1653.000000
1369.000000
-2179.000000
-2572.000000
413.000000
-1271.000000
-2917.000000
-421.000000
2113.000000
524.000000
897.000000
2411.000000
2043.000000
1496.000000
363.000000
77.000000
62.000000
-801.000000
-2992.000000
-2401.000000
-2099.000000
-3529.000000
-4001.000000
-3291.000000
-3035.000000
-3515.000000
-3304.000000
-3070.000000
-1989.000000
-2740.000000
-3859.000000
-2757.000000
-1908.000000
-4030.000000
-4044.000000
-3380.000000
1748.000000
2025.000000
-2593.000000
5821.000000
7498.000000
2593.000000
3246.000000
8162.000000
3108.000000
1167.000000
2349.000000
-1947.000000
-381.000000
-2310.000000
-4465.000000
-3617.000000
360.000000
-775.000000
-2372.000000
2912.000000
3967.000000
3146.000000
3983.000000
5526.000000
5347.000000
3879.000000
2889.000000
1741.000000
2087.000000
437.000000
-2722.000000
-1579.000000
139.000000
-2118.000000
-2653.000000
298.000000
1883.000000
383.000000
1361.000000
2444.000000
2147.000000
1313.000000
356.000000
116.000000
-3.000000
-1378.000000
-3166.000000
-2407.000000
-2547.000000
-3692.000000
-3940.000000
-2857.000000
-2975.000000
-3190.000000
-2953.000000
-2511.000000
-1988.000000
-2781.000000
-3404.000000
-2564.000000
-2633.000000
-4025.000000
-4378.000000
-1733.000000
3945.000000
-2054.000000
777.000000
8516.000000
4465.000000
2101.000000
6422.000000
6785.000000
441.000000
3525.000000
79.000000
-1412.000000
-330.000000
-3522.000000
-4127.000000
-1578.000000
970.000000
-2702.000000
517.000000
4074.000000
2986.000000
3631.000000
4805.000000
5667.000000
4530.000000
3817.000000
2190.000000
2204.000000
2025.000000
-1208.000000
-2412.000000
-260.000000
-917.000000
-2670.000000
-1175.000000
865.000000
1160.000000
1023.000000
1769.000000
2407.000000
2337.000000
976.000000
383.000000
522.000000
-284.000000
-2337.000000
-2767.000000
-2340.000000
-3062.000000
-3806.000000
-3201.000000
-2475.000000
-2879.000000
-2831.000000
-2464.000000
-1693.000000
-2264.000000
-2999.000000
-2998.000000
-2612.000000
-3523.000000
-4071.000000
-4073.000000
1838.000000
1042.000000
-2485.000000
5975.000000
6444.000000
2478.000000
3946.000000
7961.000000
2416.000000
2048.000000
2544.000000
-1579.000000
-371.000000
-2115.000000
-3918.000000
-3421.000000
323.000000
-1393.000000
-1896.000000
2575.000000
2984.000000
2862.000000
3751.000000
5030.000000
4763.000000
4078.000000
2667.000000
1778.000000
2349.000000
300.000000
-2472.000000
-1483.000000
-423.000000
-2478.000000
-2663.000000
-391.000000
614.000000
531.000000
1231.000000
1838.000000
2427.000000
1590.000000
489.000000
411.000000
472.000000
-1627.000000
-2918.000000
-2399.000000
-3154.000000
-3737.000000
-3708.000000
-3116.000000
-2856.000000
-2572.000000
-2908.000000
-2261.000000
-1356.000000
-2635.000000
-3119.000000
-2515.000000
-2699.000000
-3752.000000
-3679.000000
1595.000000
-345.000000
-1521.000000
4935.000000
4804.000000
1940.000000
4353.000000
6605.000000
1797.000000
2890.000000
2061.000000
-431.000000
-357.000000
-1324.000000
-3195.000000
-2478.000000
213.000000
-1862.000000
-973.000000
1686.000000
2369.000000
2124.000000
3693.000000
4010.000000
4034.000000
4400.000000
2673.000000
2140.000000
2607.000000
1149.000000
-1519.000000
-517.000000
-368.000000
-1859.000000
-1711.000000
-523.000000
-26.000000
478.000000
1347.000000
1125.000000
2293.000000
2092.000000
955.000000
649.000000
1006.000000
-408.000000
-2340.000000
-1839.000000
-2471.000000
-3023.000000
-3470.000000
-2840.000000
-2475.000000
-2288.000000
-1866.000000
-1944.000000
-560.000000
-822.000000
-1968.000000
-2083.000000
-1478.000000
-2045.000000
-3739.000000
-1972.000000
1269.000000
-1418.000000
460.000000
3778.000000
3401.000000
2638.000000
4825.000000
4207.000000
2586.000000
3777.000000
690.000000
236.000000
57.000000
-1047.000000
-3244.000000
-1212.000000
-683.000000
-1432.000000
-476.000000
982.000000
2005.000000
2487.000000
3266.000000
3101.000000
4677.000000
3838.000000
2347.000000
2115.000000
2772.000000
466.000000
-1207.000000
-375.000000
-769.000000
-2158.000000
-2191.000000
-762.000000
-721.000000
-70.000000
110.000000
698.000000
1202.000000
1023.000000
566.000000
578.000000
692.000000
-1154.000000
-1552.000000
-1933.000000
-2543.000000
-2861.000000
-3233.000000
-2851.000000
-2484.000000
-1795.000000
-2128.000000
-1026.000000
91.000000
-632.000000
-614.000000
0.000000
56.000000
-1064.000000
-1346.000000
-2018.000000
-2929.000000
-2758.000000
-1527.000000
-947.000000
-980.000000
695.000000
3025.000000
2582.000000
2906.000000
4711.000000
4196.000000
2653.000000
2573.000000
1506.000000
34.000000
-935.000000
-2061.000000
-2407.000000
-2039.000000
-1423.000000
-1273.000000
-138.000000
1074.000000
2242.000000
3266.000000
3729.000000
4278.000000
4024.000000
3553.000000
2551.000000
1649.000000
992.000000
-684.000000
-1694.000000
-2002.000000
-2040.000000
-2919.000000
-2580.000000
-1624.000000
-1427.000000
-1148.000000
-252.000000
297.000000
620.000000
795.000000
557.000000
530.000000
186.000000
-239.000000
-1301.000000
-1313.000000
-1732.000000
-2329.000000
-2303.000000
-1973.000000
-1419.000000
-1239.000000
-1297.000000
-925.000000
149.000000
264.000000
340.000000
418.000000
865.000000
1211.000000
868.000000
495.000000
1262.000000
1460.000000
601.000000
987.000000
1321.000000
1364.000000
697.000000
711.000000
1018.000000
1216.000000
911.000000
391.000000
1308.000000
1441.000000
736.000000
745.000000
1929.000000
1371.000000
914.000000
1392.000000
1746.000000
1700.000000
1277.000000
1057.000000
942.000000
1589.000000
155.000000
-158.000000
371.000000
-76.000000
-1058.000000
-1003.000000
-392.000000
-1205.000000
-1077.000000
-1052.000000
-670.000000
-669.000000
-794.000000
-1373.000000
-1602.000000
-1804.000000
-1919.000000
-737.000000
-1803.000000
-1604.000000
268.000000
16.000000
-779.000000
793.000000
1218.000000
-121.000000
568.000000
265.000000
-518.000000
-209.000000
-732.000000
-1564.000000
-874.000000
-430.000000
-1193.000000
-735.000000
286.000000
-158.000000
223.000000
1069.000000
1208.000000
1133.000000
1404.000000
1214.000000
861.000000
1360.000000
553.000000
-49.000000
-64.000000
-103.000000
-560.000000
-655.000000
-274.000000
90.000000
142.000000
256.000000
921.000000
1371.000000
1505.000000
1533.000000
1930.000000
1802.000000
1504.000000
644.000000
175.000000
-191.000000
-969.000000
-1812.000000
-1929.000000
-1542.000000
-2078.000000
-2037.000000
-1450.000000
-812.000000
-823.000000
-609.000000
-238.000000
-53.000000
-15.000000
-632.000000
-608.000000
-640.000000
-983.000000
-1539.000000
-1532.000000
-1155.000000
-1328.000000
-1260.000000
-829.000000
-136.000000
30.000000
138.000000
654.000000
1044.000000
959.000000
517.000000
527.000000
532.000000
267.000000
-206.000000
-390.000000
-222.000000
-172.000000
-213.000000
-140.000000
419.000000
897.000000
761.000000
996.000000
1646.000000
1477.000000
1032.000000
1072.000000
1302.000000
703.000000
159.000000
298.000000
161.000000
20.000000
77.000000
-27.000000
327.000000
702.000000
611.000000
723.000000
1033.000000
1051.000000
850.000000
817.000000
550.000000
494.000000
-30.000000
-501.000000
-538.000000
-804.000000
-959.000000
-891.000000
-540.000000
-758.000000
-542.000000
-446.000000
-238.000000
-210.000000
-1.000000
40.000000
-298.000000
15.000000
-232.000000
-255.000000
-224.000000
32.000000
-36.000000
55.000000
205.000000
-21.000000
239.000000
336.000000
349.000000
187.000000
350.000000
198.000000
29.000000
211.000000
-32.000000
93.000000
136.000000
371.000000
376.000000
785.000000
946.000000
874.000000
1149.000000
1192.000000
1190.000000
770.000000
729.000000
583.000000
484.000000
141.000000
320.000000
304.000000
32.000000
317.000000
273.000000
289.000000
639.000000
599.000000
421.000000
571.000000
398.000000
-64.000000
-93.000000
-60.000000
-516.000000
-832.000000
-808.000000
-688.000000
-1055.000000
-1206.000000
-892.000000
-672.000000
-760.000000
-853.000000
-593.000000
-201.000000
-189.000000
-643.000000
-395.000000
-329.000000
-571.000000
-814.000000
-770.000000
-612.000000
-799.000000
-808.000000
-757.000000
-256.000000
-165.000000
-457.000000
-115.000000
231.000000
109.000000
-203.000000
20.000000
-40.000000
-155.000000
-460.000000
-648.000000
-403.000000
-422.000000
-535.000000
-454.000000
92.000000
170.000000
171.000000
366.000000
738.000000
686.000000
415.000000
377.000000
307.000000
178.000000
-213.000000
-269.000000
-193.000000
-153.000000
-286.000000
-272.000000
161.000000
173.000000
206.000000
349.000000
401.000000
150.000000
13.000000
-24.000000
-342.000000
-578.000000
-840.000000
-887.000000
-931.000000
-1020.000000
-1060.000000
-748.000000
-568.000000
-674.000000
-411.000000
-120.000000
-73.000000
-282.000000
-122.000000
-166.000000
-380.000000
-395.000000
-523.000000
-492.000000
-535.000000
-453.000000
-466.000000
-343.000000
-128.000000
-106.000000
92.000000
351.000000
382.000000
296.000000
336.000000
362.000000
130.000000
-50.000000
-45.000000
-95.000000
-153.000000
-114.000000
-14.000000
60.000000
243.000000
406.000000
616.000000
907.000000
955.000000
842.000000
875.000000
974.000000
810.000000
632.000000
511.000000
369.000000
99.000000
45.000000
19.000000
8.000000
183.000000
169.000000
321.000000
415.000000
493.000000
380.000000
409.000000
451.000000
182.000000
-95.000000
-141.000000
-148.000000
-457.000000
-564.000000
-435.000000
-384.000000
-507.000000
-351.000000
-135.000000
44.000000
-21.000000
47.000000
210.000000
111.000000
41.000000
-147.000000
-42.000000
-149.000000
-185.000000
-226.000000
-225.000000
-114.000000
-195.000000
-140.000000
52.000000
231.000000
54.000000
57.000000
193.000000
186.000000
-30.000000
27.000000
126.000000
60.000000
-9.000000
-24.000000
61.000000
121.000000
196.000000
100.000000
382.000000
352.000000
266.000000
230.000000
315.000000
297.000000
140.000000
97.000000
-34.000000
106.000000
-128.000000
-139.000000
-117.000000
-44.000000
-144.000000
-197.000000
-3.000000
-7.000000
-43.000000
-179.000000
-121.000000
-129.000000
-317.000000
-496.000000
-463.000000
-506.000000
-667.000000
-737.000000
-542.000000
-480.000000
-523.000000
-412.000000
-374.000000
-346.000000
-448.000000
-339.000000
-416.000000
-395.000000
-490.000000
-656.000000
-627.000000
-614.000000
-577.000000
-618.000000
-450.000000
-366.000000
-390.000000
-313.000000
-172.000000
-143.000000
-144.000000
-87.000000
-83.000000
-262.000000
-226.000000
-194.000000
-248.000000
-203.000000
-164.000000
-117.000000
-157.000000
1.000000
137.000000
227.000000
281.000000
249.000000
231.000000
161.000000
151.000000
90.000000
108.000000
30.000000
22.000000
-42.000000
-74.000000
-19.000000
3.000000
8.000000
-31.000000
56.000000
40.000000
22.000000
-45.000000
17.000000
17.000000
-94.000000
-167.000000
-118.000000
-82.000000
-204.000000
-290.000000
-249.000000
-204.000000
-286.000000
-254.000000
-139.000000
-136.000000
-207.000000
-161.000000
-41.000000
-66.000000
-61.000000
-60.000000
-44.000000
7.000000
-52.000000
-72.000000
-62.000000
-21.000000
-41.000000
-3.000000
103.000000
102.000000
69.000000
16.000000
72.000000
25.000000
-10.000000
48.000000
84.000000
145.000000
120.000000
157.000000
215.000000
232.000000
361.000000
438.000000
455.000000
480.000000
497.000000
402.000000
416.000000
463.000000
313.000000
247.000000
185.000000
157.000000
122.000000
127.000000
150.000000
153.000000
46.000000
-4.000000
88.000000
127.000000
-35.000000
-136.000000
-64.000000
-187.000000
