# Frecuencia de muestreo: 8000 Hz
18.000000
22.000000
20.000000
48.000000
0.000000
-39.000000
-37.000000
-67.000000
-71.000000
-60.000000
-61.000000
-46.000000
-24.000000
2.000000
8.000000
10.000000
-9.000000
-40.000000
-61.000000
-82.000000
-104.000000
-82.000000
-75.000000
-61.000000
-40.000000
-58.000000
-39.000000
-40.000000
-34.000000
-8.000000
-33.000000
-53.000000
-36.000000
-1.000000
32.000000
38.000000
26.000000
-17.000000
-19.000000
-8.000000
-22.000000
-6.000000
-20.000000
-40.000000
-37.000000
-27.000000
18.000000
42.000000
27.000000
15.000000
-34.000000
-65.000000
-22.000000
-19.000000
-35.000000
-61.000000
-88.000000
-96.000000
-77.000000
-43.000000
-9.000000
36.000000
49.000000
26.000000
19.000000
22.000000
31.000000
45.000000
54.000000
50.000000
15.000000
22.000000
44.000000
12.000000
17.000000
1.000000
-42.000000
-24.000000
-40.000000
-41.000000
16.000000
13.000000
13.000000
20.000000
-26.000000
-16.000000
7.000000
-21.000000
-51.000000
-58.000000
-74.000000
-49.000000
28.000000
51.000000
47.000000
51.000000
38.000000
40.000000
89.000000
86.000000
64.000000
26.000000
1.000000
-13.000000
-5.000000
13.000000
12.000000
13.000000
-1.000000
-12.000000
-31.000000
-24.000000
4.000000
6.000000
-11.000000
-19.000000
-17.000000
-4.000000
19.000000
18.000000
-3.000000
-50.000000
-110.000000
-114.000000
-92.000000
-62.000000
-35.000000
-48.000000
-70.000000
-60.000000
-51.000000
-33.000000
-51.000000
-69.000000
-124.000000
-162.000000
-169.000000
-174.000000
-143.000000
-147.000000
-126.000000
-186.000000
319.000000
352.000000
133.000000
609.000000
829.000000
305.000000
435.000000
787.000000
362.000000
229.000000
446.000000
240.000000
-195.000000
-361.000000
-477.000000
-838.000000
-1217.000000
-1212.000000
-1237.000000
-1621.000000
-1853.000000
-1586.000000
-1490.000000
-1640.000000
-1289.000000
-740.000000
-643.000000
-325.000000
255.000000
690.000000
900.000000
1361.000000
1786.000000
1933.000000
1746.000000
2040.000000
1900.000000
1351.000000
1183.000000
927.000000
266.000000
-226.000000
-415.000000
-949.000000
-1451.000000
-1795.000000
-2035.000000
-2519.000000
-2911.000000
-2969.000000
-3164.000000
-3593.000000
-3587.000000
-3335.000000
-2176.000000
-2333.000000
-2078.000000
281.000000
394.000000
280.000000
1996.000000
2969.000000
2534.000000
2934.000000
3992.000000
3450.000000
2797.000000
2414.000000
2591.000000
1497.000000
183.000000
676.000000
-96.000000
-1195.000000
-1510.000000
-1036.000000
-1484.000000
-1739.000000
-980.000000
-386.000000
-491.000000
97.000000
1072.000000
1330.000000
1319.000000
1869.000000
2165.000000
1434.000000
1408.000000
1399.000000
663.000000
-190.000000
-636.000000
-1316.000000
-2372.000000
-3121.000000
-3332.000000
-3881.000000
-4346.000000
-4666.000000
-3732.000000
-2806.000000
-3579.000000
-1624.000000
114.000000
96.000000
784.000000
2920.000000
3430.000000
2869.000000
4089.000000
4097.000000
3830.000000
2414.000000
2599.000000
2016.000000
232.000000
-350.000000
-502.000000
-1406.000000
-2673.000000
-2352.000000
-2236.000000
-2574.000000
-2283.000000
-1051.000000
-494.000000
-234.000000
985.000000
2188.000000
2491.000000
2914.000000
3841.000000
3768.000000
2845.000000
2604.000000
2355.000000
1162.000000
-76.000000
-382.000000
-1332.000000
-2704.000000
-3292.000000
-3371.000000
-4198.000000
-4592.000000
-4338.000000
-4207.000000
-4154.000000
-3996.000000
-3198.000000
-2621.000000
-1391.000000
-503.000000
-509.000000
1741.000000
2058.000000
2011.000000
3003.000000
3734.000000
2805.000000
2406.000000
2905.000000
1895.000000
1207.000000
367.000000
474.000000
-667.000000
-1629.000000
-1372.000000
-1297.000000
-1955.000000
-1541.000000
-629.000000
-447.000000
-166.000000
856.000000
1757.000000
1892.000000
2504.000000
2898.000000
2942.000000
2348.000000
1891.000000
1705.000000
596.000000
-330.000000
-849.000000
-1832.000000
-2900.000000
-3210.000000
-3817.000000
-4316.000000
-4498.000000
-4532.000000
-4379.000000
-4280.000000
-4208.000000
-1273.000000
-1802.000000
-1768.000000
1969.000000
2000.000000
1932.000000
3194.000000
5667.000000
3265.000000
4351.000000
4386.000000
4114.000000
2459.000000
1454.000000
1982.000000
-189.000000
-1506.000000
-1448.000000
-1477.000000
-3395.000000
-2970.000000
-2185.000000
-1786.000000
-2067.000000
-266.000000
1102.000000
1335.000000
2260.000000
3899.000000
4212.000000
3599.000000
4430.000000
4402.000000
2796.000000
2471.000000
1773.000000
151.000000
-1247.000000
-2160.000000
-3251.000000
-4523.000000
-5433.000000
-5754.000000
-5814.000000
-6736.000000
-5964.000000
-5814.000000
-4696.000000
-1878.000000
-3647.000000
381.000000
1974.000000
2705.000000
2545.000000
6665.000000
5642.000000
5105.000000
6268.000000
5939.000000
4957.000000
2554.000000
3049.000000
1210.000000
-882.000000
-2380.000000
-1374.000000
-3767.000000
-4330.000000
-3800.000000
-2650.000000
-3438.000000
-2276.000000
101.000000
735.000000
1317.000000
3231.000000
4410.000000
4179.000000
4321.000000
5349.000000
3951.000000
2769.000000
2310.000000
1213.000000
-1291.000000
-2049.000000
-2988.000000
-4772.000000
-6062.000000
-6144.000000
-6816.000000
-7349.000000
-6976.000000
-5968.000000
-6947.000000
-2562.000000
-3027.000000
-2239.000000
1608.000000
2795.000000
2756.000000
4321.000000
7500.000000
4707.000000
6412.000000
5267.000000
6106.000000
2745.000000
2246.000000
1571.000000
-76.000000
-2857.000000
-2191.000000
-2761.000000
-4543.000000
-4387.000000
-2979.000000
-2263.000000
-2834.000000
-206.000000
1851.000000
1936.000000
3139.000000
5136.000000
5476.000000
4677.000000
5533.000000
5597.000000
3583.000000
2349.000000
1870.000000
-89.000000
-2393.000000
-2892.000000
-4223.000000
-5802.000000
-7011.000000
-6525.000000
-7318.000000
-7400.000000
-7314.000000
-5565.000000
-6896.000000
-2159.000000
-2031.000000
-2114.000000
2694.000000
3314.000000
3898.000000
4384.000000
8903.000000
4932.000000
6917.000000
5871.000000
6490.000000
2802.000000
2454.000000
1765.000000
-332.000000
-2834.000000
-2239.000000
-3075.000000
-4689.000000
-4693.000000
-3001.000000
-2281.000000
-3047.000000
140.000000
1858.000000
1844.000000
3351.000000
5648.000000
5517.000000
5233.000000
5811.000000
6148.000000
3871.000000
2887.000000
2289.000000
726.000000
-2263.000000
-2323.000000
-3863.000000
-5606.000000
-6956.000000
-6394.000000
-7449.000000
-7670.000000
-7730.000000
-6379.000000
-7873.000000
-3842.000000
-1134.000000
-4914.000000
2447.000000
2992.000000
3607.000000
2893.000000
9636.000000
5945.000000
5806.000000
7265.000000
6600.000000
4436.000000
1509.000000
3230.000000
34.000000
-2831.000000
-3006.000000
-2445.000000
-5306.000000
-5734.000000
-4002.000000
-2412.000000
-4305.000000
-1391.000000
1488.000000
1352.000000
2044.000000
5575.000000
5753.000000
5064.000000
5680.000000
7203.000000
4620.000000
3264.000000
3230.000000
1883.000000
-1760.000000
-2013.000000
-2669.000000
-5472.000000
-6600.000000
-6539.000000
-6922.000000
-8891.000000
-7606.000000
-7487.000000
-7335.000000
-8472.000000
-1516.000000
-2933.000000
-4342.000000
3823.000000
3237.000000
3149.000000
3955.000000
11211.000000
4268.000000
7096.000000
6901.000000
7329.000000
2616.000000
2025.000000
3233.000000
-1164.000000
-3407.000000
-2629.000000
-2641.000000
-6155.000000
-5528.000000
-3126.000000
-2886.000000
-4363.000000
-508.000000
2062.000000
1288.000000
2817.000000
6451.000000
6211.000000
5408.000000
6728.000000
7880.000000
4423.000000
3627.000000
4000.000000
1612.000000
-1661.000000
-1476.000000
-2644.000000
-5527.000000
-6373.000000
-6084.000000
-6745.000000
-8605.000000
-7159.000000
-7352.000000
-7502.000000
-8088.000000
-4342.000000
100.000000
-6606.000000
2394.000000
4030.000000
3482.000000
2186.000000
10731.000000
6953.000000
5052.000000
7931.000000
7372.000000
4949.000000
1134.000000
4387.000000
525.000000
-2508.000000
-3138.000000
-1005.000000
-5385.000000
-5359.000000
-3906.000000
-1806.000000
-4055.000000
-2071.000000
2037.000000
1781.000000
1671.000000
5598.000000
6606.000000
5699.000000
5434.000000
8126.000000
5335.000000
3462.000000
3640.000000
2817.000000
-1180.000000
-1767.000000
-2050.000000
-4588.000000
-6229.000000
-5911.000000
-6359.000000
-7880.000000
-7556.000000
-6131.000000
-8341.000000
-6120.000000
-7474.000000
-1758.000000
-1840.000000
-4406.000000
4377.000000
3547.000000
3498.000000
3636.000000
11485.000000
4131.000000
6200.000000
7085.000000
6555.000000
2395.000000
1658.000000
2895.000000
-1289.000000
-3844.000000
-2655.000000
-2561.000000
-6452.000000
-4750.000000
-3468.000000
-2444.000000
-4109.000000
-385.000000
1990.000000
1684.000000
3127.000000
6518.000000
6469.000000
5773.000000
6646.000000
7494.000000
4776.000000
3444.000000
3673.000000
1607.000000
-1849.000000
-1630.000000
-2757.000000
-5293.000000
-6631.000000
-5948.000000
-7125.000000
-8230.000000
-7425.000000
-7057.000000
-7910.000000
-6683.000000
-7657.000000
-655.000000
-2899.000000
-3346.000000
4898.000000
4189.000000
2844.000000
5381.000000
11506.000000
3497.000000
7537.000000
6576.000000
6934.000000
1445.000000
2562.000000
1989.000000
-1672.000000
-4268.000000
-2199.000000
-3738.000000
-6375.000000
-4578.000000
-3935.000000
-2772.000000
-3940.000000
-55.000000
1949.000000
1973.000000
3870.000000
6789.000000
6524.000000
6085.000000
7294.000000
7355.000000
4553.000000
4082.000000
3280.000000
1009.000000
-1697.000000
-1433.000000
-3547.000000
-5305.000000
-6420.000000
-6012.000000
-7903.000000
-8124.000000
-6812.000000
-7373.000000
-8640.000000
-5725.000000
-7702.000000
-399.000000
-3128.000000
-2431.000000
5471.000000
3841.000000
3317.000000
5976.000000
11500.000000
2742.000000
8374.000000
6067.000000
6716.000000
1060.000000
2714.000000
1324.000000
-2013.000000
-4613.000000
-1996.000000
-4393.000000
-6411.000000
-4492.000000
-4011.000000
-3087.000000
-3530.000000
318.000000
1749.000000
2035.000000
4618.000000
6607.000000
6418.000000
6753.000000
7480.000000
6958.000000
4479.000000
4296.000000
2748.000000
1026.000000
-1691.000000
-1369.000000
-3949.000000
-5138.000000
-6338.000000
-6108.000000
-7608.000000
-7672.000000
-6917.000000
-7330.000000
-8347.000000
-6001.000000
-7614.000000
-875.000000
-2659.000000
-3243.000000
5083.000000
3720.000000
3049.000000
5513.000000
11141.000000
3297.000000
7411.000000
6361.000000
6580.000000
1623.000000
2267.000000
1955.000000
-1695.000000
-4491.000000
-2040.000000
-3895.000000
-6361.000000
-4626.000000
-4022.000000
-2991.000000
-4222.000000
222.000000
1810.000000
1650.000000
4268.000000
7131.000000
6073.000000
6536.000000
7921.000000
7059.000000
4537.000000
4575.000000
3413.000000
938.000000
-1333.000000
-930.000000
-3479.000000
-4786.000000
-6057.000000
-5634.000000
-7395.000000
-7683.000000
-7309.000000
-6302.000000
-8804.000000
-6560.000000
-6765.000000
-2862.000000
-1373.000000
-4617.000000
4788.000000
3585.000000
3355.000000
4259.000000
11515.000000
4202.000000
6474.000000
7616.000000
6462.000000
2861.000000
1852.000000
3114.000000
-1166.000000
-3972.000000
-2293.000000
-2815.000000
-6774.000000
-4454.000000
-4212.000000
-2904.000000
-4492.000000
-305.000000
1795.000000
1468.000000
3376.000000
7555.000000
5948.000000
6745.000000
7927.000000
7802.000000
4713.000000
4989.000000
3943.000000
1730.000000
-925.000000
-516.000000
-2755.000000
-4936.000000
-5296.000000
-5747.000000
-6766.000000
-7541.000000
-7102.000000
-6540.000000
-8062.000000
-7230.000000
-6662.000000
-3632.000000
-869.000000
-5231.000000
3874.000000
4076.000000
3073.000000
3923.000000
10996.000000
5591.000000
5478.000000
8235.000000
6562.000000
3815.000000
1435.000000
3362.000000
-547.000000
-3832.000000
-2920.000000
-2237.000000
-6877.000000
-5091.000000
-4689.000000
-3012.000000
-4957.000000
-1295.000000
1616.000000
1394.000000
2885.000000
7128.000000
6581.000000
6491.000000
7933.000000
8397.000000
5318.000000
4997.000000
4524.000000
1989.000000
-388.000000
-855.000000
-2466.000000
-4490.000000
-5475.000000
-6060.000000
-6684.000000
-7510.000000
-7764.000000
-6726.000000
-7837.000000
-8053.000000
-6407.000000
-5407.000000
-28.000000
-5739.000000
2352.000000
4392.000000
3338.000000
2929.000000
10328.000000
7234.000000
4220.000000
8848.000000
6177.000000
5159.000000
606.000000
3683.000000
-246.000000
-3610.000000
-4136.000000
-1808.000000
-7155.000000
-5890.000000
-5239.000000
-3441.000000
-5097.000000
-2683.000000
1471.000000
1385.000000
1844.000000
6755.000000
7221.000000
6225.000000
7812.000000
9055.000000
5848.000000
4980.000000
5042.000000
2534.000000
162.000000
-970.000000
-1651.000000
-4539.000000
-5269.000000
-6174.000000
-6441.000000
-7618.000000
-7911.000000
-7151.000000
-7503.000000
-8734.000000
-6634.000000
-7342.000000
123.000000
-5329.000000
-1061.000000
5280.000000
3358.000000
2342.000000
8097.000000
10378.000000
2763.000000
8825.000000
6672.000000
6389.000000
606.000000
3189.000000
1289.000000
-3261.000000
-5012.000000
-1747.000000
-6010.000000
-7190.000000
-5502.000000
-3845.000000
-4600.000000
-4421.000000
1168.000000
1823.000000
1250.000000
5673.000000
8267.000000
6023.000000
7410.000000
9510.000000
7107.000000
4773.000000
5419.000000
3573.000000
672.000000
-1266.000000
-999.000000
-3842.000000
-5629.000000
-6090.000000
-5881.000000
-7820.000000
-7934.000000
-6983.000000
-6817.000000
-9778.000000
-5653.000000
-7320.000000
-1549.000000
-3327.000000
-2379.000000
5118.000000
3258.000000
3655.000000
6327.000000
11611.000000
3142.000000
8897.000000
6985.000000
6404.000000
1788.000000
2617.000000
1354.000000
-2712.000000
-4928.000000
-2746.000000
-5449.000000
-7552.000000
-5295.000000
-5000.000000
-3865.000000
-4730.000000
375.000000
2080.000000
1778.000000
4948.000000
8963.000000
6685.000000
7839.000000
10025.000000
8149.000000
5329.000000
6245.000000
4066.000000
1276.000000
-679.000000
-888.000000
-3549.000000
-5487.000000
-5843.000000
-5978.000000
-7628.000000
-7510.000000
-7689.000000
-6365.000000
-9001.000000
-6791.000000
-7307.000000
-1949.000000
-2052.000000
-4855.000000
6038.000000
3560.000000
3476.000000
5106.000000
13156.000000
3759.000000
7555.000000
8252.000000
6925.000000
2313.000000
1835.000000
3036.000000
-2588.000000
-5224.000000
-3258.000000
-3787.000000
-8690.000000
-5493.000000
-5005.000000
-3543.000000
-5615.000000
-106.000000
2549.000000
1689.000000
3923.000000
9305.000000
7216.000000
7196.000000
9635.000000
9198.000000
5234.000000
5711.000000
4417.000000
1761.000000
-1412.000000
-1325.000000
-3048.000000
-5815.000000
-6629.000000
-6027.000000
-7403.000000
-8462.000000
-7855.000000
-6108.000000
-9358.000000
-7344.000000
-6708.000000
-2538.000000
-1805.000000
-4847.000000
6049.000000
3508.000000
3712.000000
4830.000000
13132.000000
3821.000000
7145.000000
8345.000000
6336.000000
2022.000000
1265.000000
2377.000000
-3215.000000
-5464.000000
-4048.000000
-4005.000000
-9435.000000
-5719.000000
-5454.000000
-3931.000000
-5647.000000
-345.000000
2383.000000
1648.000000
3871.000000
9213.000000
7343.000000
7114.000000
9817.000000
9192.000000
5108.000000
5488.000000
4362.000000
1329.000000
-1690.000000
-1395.000000
-3463.000000
-6099.000000
-6869.000000
-6306.000000
-7745.000000
-8262.000000
-8075.000000
-6371.000000
-8769.000000
-7763.000000
-6267.000000
-2797.000000
-1259.000000
-5251.000000
6047.000000
3655.000000
3597.000000
4762.000000
13009.000000
4117.000000
6497.000000
8500.000000
6105.000000
2178.000000
1051.000000
2695.000000
-3265.000000
-5319.000000
-4300.000000
-3493.000000
-9458.000000
-5436.000000
-5184.000000
-3698.000000
-5458.000000
-263.000000
2568.000000
1932.000000
3905.000000
9340.000000
7693.000000
7021.000000
10029.000000
9400.000000
5321.000000
5671.000000
4793.000000
1496.000000
-1338.000000
-1119.000000
-3141.000000
-5650.000000
-6426.000000
-5901.000000
-7172.000000
-7870.000000
-7219.000000
-6152.000000
-7891.000000
-7624.000000
-5754.000000
-4103.000000
489.000000
-5607.000000
4687.000000
4814.000000
3661.000000
3934.000000
12245.000000
6289.000000
5083.000000
9444.000000
6228.000000
4052.000000
449.000000
3624.000000
-1912.000000
-4396.000000
-4564.000000
-2190.000000
-8529.000000
-5725.000000
-4966.000000
-3280.000000
-4949.000000
-1285.000000
2677.000000
2254.000000
3233.000000
8428.000000
8399.000000
6751.000000
9424.000000
9730.000000
6000.000000
5404.000000
5082.000000
2255.000000
-701.000000
-1208.000000
-2351.000000
-5035.000000
-5942.000000
-5862.000000
-6413.000000
-7594.000000
-7148.000000
-6340.000000
-6858.000000
-8345.000000
-5270.000000
-6078.000000
729.000000
-5209.000000
998.000000
5312.000000
3511.000000
2782.000000
9293.000000
9400.000000
2647.000000
9140.000000
6115.000000
5316.000000
-242.000000
3261.000000
-574.000000
-3958.000000
-5657.000000
-2025.000000
-7210.000000
-7100.000000
-5288.000000
-3749.000000
-4647.000000
-3460.000000
1822.000000
2121.000000
2132.000000
6400.000000
8810.000000
6159.000000
7993.000000
9623.000000
6598.000000
4492.000000
4994.000000
2760.000000
-460.000000
-2014.000000
-1894.000000
-4909.000000
-6585.000000
-6423.000000
-6148.000000
-8218.000000
-7714.000000
-7111.000000
-6604.000000
-9659.000000
-5949.000000
-7398.000000
-478.000000
-4696.000000
-2235.000000
5739.000000
2679.000000
2568.000000
6735.000000
11703.000000
1498.000000
8860.000000
6647.000000
6060.000000
-92.000000
2904.000000
782.000000
-3778.000000
-5780.000000
-2499.000000
-5997.000000
-8494.000000
-5290.000000
-4654.000000
-4355.000000
-4883.000000
1008.000000
2116.000000
1536.000000
5048.000000
9084.000000
6323.000000
7316.000000
9908.000000
7777.000000
4429.000000
5463.000000
3592.000000
488.000000
-1995.000000
-1258.000000
-4127.000000
-6336.000000
-6564.000000
-5623.000000
-7993.000000
-7778.000000
-6797.000000
-6459.000000
-8799.000000
-6055.000000
-6401.000000
-3352.000000
-331.000000
-4494.000000
4583.000000
4154.000000
4018.000000
4084.000000
12076.000000
4907.000000
6085.000000
8019.000000
6079.000000
2802.000000
785.000000
2398.000000
-2485.000000
-4774.000000
-4264.000000
-3498.000000
-8065.000000
-5522.000000
-4987.000000
-3144.000000
-4505.000000
-544.000000
2670.000000
2805.000000
3791.000000
8753.000000
8173.000000
7209.000000
9272.000000
9435.000000
5660.000000
5268.000000
4507.000000
1791.000000
-1241.000000
-1482.000000
-2552.000000
-5665.000000
-6255.000000
-5604.000000
-6771.000000
-7836.000000
-6569.000000
-5997.000000
-7742.000000
-6937.000000
-4951.000000
-5996.000000
379.000000
-3179.000000
661.000000
4795.000000
4626.000000
3312.000000
8589.000000
9177.000000
3917.000000
8208.000000
6150.000000
5091.000000
464.000000
2439.000000
-802.000000
-3397.000000
-5287.000000
-3086.000000
-6315.000000
-6619.000000
-5259.000000
-3596.000000
-3614.000000
-2910.000000
1582.000000
3126.000000
2696.000000
6347.000000
9032.000000
7149.000000
7754.000000
9694.000000
7297.000000
4638.000000
5034.000000
3042.000000
-110.000000
-1887.000000
-1693.000000
-4529.000000
-6513.000000
-5904.000000
-5829.000000
-7765.000000
-7377.000000
-6200.000000
-6606.000000
-8447.000000
-5422.000000
-6373.000000
-1541.000000
-2258.000000
-2616.000000
4875.000000
3760.000000
3250.000000
5679.000000
11285.000000
3184.000000
7133.000000
7224.000000
5565.000000
1046.000000
2113.000000
813.000000
-3237.000000
-5158.000000
-3662.000000
-4804.000000
-8086.000000
-5280.000000
-4487.000000
-3661.000000
-4350.000000
71.000000
2604.000000
2192.000000
4067.000000
8824.000000
7522.000000
6720.000000
9083.000000
9103.000000
4405.000000
5193.000000
4217.000000
1109.000000
-1711.000000
-1170.000000
-3095.000000
-5980.000000
-6175.000000
-5168.000000
-6757.000000
-7769.000000
-6312.000000
-6050.000000
-7660.000000
-6888.000000
-5783.000000
-4649.000000
253.000000
-5209.000000
2535.000000
4717.000000
3336.000000
2843.000000
10613.000000
6953.000000
3629.000000
8647.000000
6222.000000
3550.000000
387.000000
2981.000000
-1571.000000
-4167.000000
-4985.000000
-2321.000000
-7500.000000
-6379.000000
-4710.000000
-3069.000000
-4693.000000
-2170.000000
2198.000000
2418.000000
2163.000000
7186.000000
8539.000000
6461.000000
7685.000000
10241.000000
6229.000000
4523.000000
5440.000000
2894.000000
-423.000000
-1416.000000
-1034.000000
-4804.000000
-5697.000000
-5262.000000
-5078.000000
-7696.000000
-6167.000000
-5919.000000
-6436.000000
-7593.000000
-5169.000000
-6695.000000
-1464.000000
-1564.000000
-3832.000000
5134.000000
3824.000000
3015.000000
4789.000000
11796.000000
2979.000000
6630.000000
7328.000000
5796.000000
1465.000000
1503.000000
1794.000000
-2638.000000
-5249.000000
-3272.000000
-3661.000000
-7702.000000
-5299.000000
-3689.000000
-2955.000000
-4602.000000
94.000000
2847.000000
1915.000000
3481.000000
8450.000000
7518.000000
6058.000000
8717.000000
9235.000000
4419.000000
4940.000000
4384.000000
1962.000000
-1663.000000
-487.000000
-2169.000000
-5203.000000
-5292.000000
-4580.000000
-5918.000000
-7333.000000
-5451.000000
-6093.000000
-6920.000000
-6992.000000
-5194.000000
-6239.000000
-337.000000
-3799.000000
-447.000000
4373.000000
3483.000000
2459.000000
7495.000000
8785.000000
2758.000000
7801.000000
5725.000000
4867.000000
258.000000
2275.000000
-177.000000
-3401.000000
-5112.000000
-2598.000000
-5469.000000
-6703.000000
-4897.000000
-2962.000000
-3853.000000
-3345.000000
1216.000000
2225.000000
1911.000000
4830.000000
8330.000000
6431.000000
6488.000000
9326.000000
7020.000000
4414.000000
4715.000000
3685.000000
588.000000
-1403.000000
-585.000000
-3578.000000
-4915.000000
-5434.000000
-4677.000000
-6827.000000
-6569.000000
-6104.000000
-6189.000000
-7594.000000
-6182.000000
-6529.000000
-3084.000000
-1378.000000
-4426.000000
3560.000000
3849.000000
2886.000000
3916.000000
10875.000000
4185.000000
5696.000000
7133.000000
5864.000000
2232.000000
730.000000
2121.000000
-2271.000000
-4799.000000
-4293.000000
-2962.000000
-7647.000000
-5413.000000
-4072.000000
-2587.000000
-4726.000000
-392.000000
2195.000000
2197.000000
2873.000000
7585.000000
7882.000000
5862.000000
8478.000000
9071.000000
5518.000000
4524.000000
4850.000000
2476.000000
-1169.000000
-553.000000
-1834.000000
-4564.000000
-5589.000000
-4705.000000
-5935.000000
-7134.000000
-6046.000000
-6073.000000
-7294.000000
-6338.000000
-6220.000000
-2342.000000
-2076.000000
-3122.000000
3550.000000
4295.000000
3099.000000
5174.000000
10776.000000
4463.000000
6827.000000
6958.000000
6319.000000
2012.000000
1995.000000
1197.000000
-1886.000000
-4926.000000
-3969.000000
-3804.000000
-7651.000000
-5214.000000
-4628.000000
-3029.000000
-4566.000000
-632.000000
1808.000000
2370.000000
3150.000000
7453.000000
8155.000000
6849.000000
8718.000000
9980.000000
6298.000000
5436.000000
5100.000000
3088.000000
-634.000000
-663.000000
-1794.000000
-4446.000000
-5635.000000
-5381.000000
-5804.000000
-7387.000000
-6582.000000
-6437.000000
-7146.000000
-6483.000000
-6067.000000
-624.000000
-4073.000000
-855.000000
3999.000000
4146.000000
2702.000000
7735.000000
9487.000000
4096.000000
8019.000000
6367.000000
5719.000000
708.000000
3072.000000
-608.000000
-2279.000000
-6002.000000
-2807.000000
-6522.000000
-7195.000000
-5948.000000
-4295.000000
-4720.000000
-4488.000000
-417.000000
339.000000
1659.000000
3694.000000
6746.000000
6528.000000
7991.000000
8296.000000
8925.000000
6654.000000
5900.000000
4477.000000
2594.000000
-119.000000
-833.000000
-2563.000000
-4490.000000
-5351.000000
-5956.000000
-6369.000000
-6935.000000
-6918.000000
-6971.000000
-7073.000000
-6982.000000
-5355.000000
-975.000000
-5226.000000
428.000000
3418.000000
3238.000000
2109.000000
9229.000000
6880.000000
4680.000000
7304.000000
6492.000000
4053.000000
1089.000000
2729.000000
-901.000000
-2934.000000
-5710.000000
-2253.000000
-7577.000000
-6350.000000
-6027.000000
-3680.000000
-6001.000000
-3219.000000
-951.000000
443.000000
-432.000000
4752.000000
6258.000000
4242.000000
7631.000000
9706.000000
6440.000000
5925.000000
7829.000000
3766.000000
1383.000000
1607.000000
106.000000
-3258.000000
-3511.000000
-3890.000000
-5062.000000
-6788.000000
-5078.000000
-5636.000000
-6942.000000
-6406.000000
-5587.000000
-4645.000000
-1657.000000
-4278.000000
955.000000
2826.000000
2400.000000
2753.000000
8876.000000
5235.000000
5299.000000
7099.000000
6170.000000
3421.000000
2419.000000
2569.000000
-493.000000
-2251.000000
-3813.000000
-2305.000000
-6439.000000
-5252.000000
-5132.000000
-3538.000000
-5289.000000
-2475.000000
-999.000000
79.000000
-259.000000
3386.000000
5330.000000
4916.000000
5520.000000
8694.000000
7082.000000
5243.000000
6309.000000
5933.000000
1557.000000
1304.000000
1418.000000
-1603.000000
-3422.000000
-2888.000000
-3545.000000
-5538.000000
-5329.000000
-4611.000000
-5739.000000
-6327.000000
-5559.000000
-3166.000000
-2364.000000
-4203.000000
871.000000
2557.000000
1517.000000
2356.000000
8349.000000
4334.000000
4861.000000
6152.000000
6442.000000
2398.000000
2622.000000
2297.000000
115.000000
-3009.000000
-2557.000000
-2589.000000
-5876.000000
-5494.000000
-4445.000000
-4077.000000
-5316.000000
-2950.000000
-1198.000000
-993.000000
-998.000000
2724.000000
2751.000000
3762.000000
4786.000000
6631.000000
5166.000000
5711.000000
4688.000000
4671.000000
2203.000000
1457.000000
741.000000
-892.000000
-2718.000000
-2635.000000
-3377.000000
-4424.000000
-4521.000000
-4712.000000
-5421.000000
-5883.000000
-5319.000000
-3636.000000
-3279.000000
-3876.000000
-97.000000
673.000000
718.000000
1918.000000
5706.000000
3331.000000
4346.000000
5097.000000
5151.000000
2485.000000
2627.000000
1756.000000
225.000000
-2088.000000
-1827.000000
-2492.000000
-4794.000000
-4644.000000
-4044.000000
-4107.000000
-4629.000000
-2787.000000
-1634.000000
-1491.000000
-779.000000
1619.000000
1607.000000
2030.000000
3608.000000
5256.000000
3563.000000
4253.000000
5151.000000
3678.000000
1859.000000
2783.000000
1480.000000
-717.000000
-909.000000
-974.000000
-2683.000000
-3119.000000
-2709.000000
-3184.000000
-3684.000000
-3518.000000
-2711.000000
-2921.000000
-3212.000000
-1533.000000
-1336.000000
-1299.000000
738.000000
907.000000
1296.000000
2223.000000
3185.000000
2060.000000
3081.000000
2533.000000
2383.000000
1159.000000
1196.000000
349.000000
-575.000000
-1420.000000
-1576.000000
-1993.000000
-2932.000000
-2393.000000
-2110.000000
-2215.000000
-1746.000000
-906.000000
-326.000000
-25.000000
608.000000
1465.000000
1765.000000
1712.000000
2662.000000
2715.000000
2082.000000
2149.000000
2597.000000
1709.000000
871.000000
1578.000000
733.000000
-258.000000
-165.000000
93.000000
-1086.000000
-1288.000000
-1202.000000
-1491.000000
-2305.000000
-1770.000000
-1906.000000
-1775.000000
-1755.000000
-1217.000000
-675.000000
-374.000000
38.000000
887.000000
1429.000000
1262.000000
2018.000000
1898.000000
1860.000000
1123.000000
1421.000000
657.000000
46.000000
-294.000000
-642.000000
-1370.000000
-1705.000000
-1652.000000
-1654.000000
-1725.000000
-1323.000000
-1017.000000
-809.000000
-353.000000
16.000000
338.000000
802.000000
905.000000
1480.000000
1441.000000
1615.000000
1328.000000
1307.000000
1263.000000
369.000000
289.000000
143.000000
-639.000000
-1255.000000
-919.000000
-1985.000000
-2546.000000
-2881.000000
-2584.000000
-2791.000000
-3027.000000
-2365.000000
-1268.000000
-1491.000000
-866.000000
817.000000
994.000000
1218.000000
2301.000000
3001.000000
2398.000000
2675.000000
2553.000000
2268.000000
835.000000
800.000000
116.000000
-1148.000000
-1962.000000
-2092.000000
-2851.000000
-3396.000000
-3236.000000
-2798.000000
-2822.000000
-2455.000000
-1441.000000
-968.000000
-673.000000
155.000000
909.000000
1097.000000
1375.000000
1898.000000
2036.000000
1736.000000
1590.000000
1469.000000
1009.000000
138.000000
-86.000000
-239.000000
-1200.000000
-1325.000000
-1030.000000
-1469.000000
-1827.000000
-1245.000000
-1229.000000
-1442.000000
-842.000000
-637.000000
-422.000000
-347.000000
298.000000
257.000000
538.000000
746.000000
1225.000000
1273.000000
819.000000
1254.000000
1226.000000
548.000000
119.000000
536.000000
-540.000000
-1322.000000
-937.000000
-1488.000000
-2285.000000
-2197.000000
-1979.000000
-2090.000000
-2224.000000
-1507.000000
-1053.000000
-954.000000
-752.000000
284.000000
372.000000
332.000000
1052.000000
1290.000000
1034.000000
1171.000000
1416.000000
1030.000000
599.000000
555.000000
276.000000
-196.000000
-539.000000
-361.000000
-634.000000
-826.000000
-841.000000
-657.000000
-893.000000
-909.000000
-554.000000
-491.000000
-511.000000
-441.000000
204.000000
-41.000000
103.000000
679.000000
823.000000
610.000000
1030.000000
1196.000000
788.000000
728.000000
809.000000
560.000000
118.000000
237.000000
-38.000000
-545.000000
-565.000000
-396.000000
-857.000000
-552.000000
-449.000000
-573.000000
-556.000000
-276.000000
-489.000000
-134.000000
-362.000000
-501.000000
-67.000000
-88.000000
-296.000000
280.000000
302.000000
64.000000
248.000000
395.000000
285.000000
34.000000
326.000000
218.000000
155.000000
202.000000
291.000000
273.000000
81.000000
36.000000
175.000000
-88.000000
-133.000000
-87.000000
-31.000000
-242.000000
-124.000000
57.000000
127.000000
63.000000
364.000000
463.000000
355.000000
308.000000
437.000000
345.000000
20.000000
76.000000
-79.000000
-220.000000
-583.000000
-417.000000
-552.000000
-437.000000
-492.000000
-192.000000
-160.000000
-100.000000
8.000000
302.000000
146.000000
234.000000
346.000000
308.000000
144.000000
409.000000
169.000000
147.000000
103.000000
-88.000000
-56.000000
-453.000000
-260.000000
-401.000000
-457.000000
-266.000000
-142.000000
-259.000000
-189.000000
-152.000000
-179.000000
-256.000000
-129.000000
-123.000000
-88.000000
-128.000000
22.000000
-36.000000
183.000000
94.000000
382.000000
279.000000
240.000000
240.000000
163.000000
-30.000000
-146.000000
-161.000000
-578.000000
-533.000000
-692.000000
-675.000000
-796.000000
-628.000000
-541.000000
-547.000000
-327.000000
-109.000000
-53.000000
95.000000
285.000000
347.000000
295.000000
490.000000
450.000000
446.000000
295.000000
295.000000
171.000000
-55.000000
-63.000000
-152.000000
-413.000000
-447.000000
-428.000000
-373.000000
-412.000000
-348.000000
-310.000000
-258.000000
-251.000000
-136.000000
29.000000
8.000000
128.000000
196.000000
402.000000
240.000000
611.000000
475.000000
537.000000
478.000000
525.000000
435.000000
262.000000
163.000000
-7.000000
-181.000000
-455.000000
-439.000000
-610.000000
-688.000000
-618.000000
-550.000000
-472.000000
-299.000000
-86.000000
61.000000
222.000000
306.000000
448.000000
569.000000
572.000000
724.000000
733.000000
629.000000
497.000000
543.000000
398.000000
231.000000
126.000000
185.000000
-221.000000
-306.000000
-257.000000
-202.000000
-393.000000
-218.000000
-121.000000
-212.000000
-202.000000
11.000000
19.000000
-12.000000
192.000000
291.000000
341.000000
347.000000
550.000000
578.000000
528.000000
437.000000
548.000000
376.000000
262.000000
214.000000
128.000000
-197.000000
-328.000000
-422.000000
-629.000000
-767.000000
-600.000000
-576.000000
-567.000000
-357.000000
-155.000000
-152.000000
20.000000
238.000000
260.000000
295.000000
420.000000
518.000000
478.000000
486.000000
443.000000
399.000000
234.000000
152.000000
11.000000
14.000000
-213.000000
-287.000000
-211.000000
-296.000000
-341.000000
-258.000000
-222.000000
-247.000000
-263.000000
-104.000000
-120.000000
-77.000000
26.000000
177.000000
107.000000
229.000000
305.000000
356.000000
355.000000
325.000000
438.000000
280.000000
224.000000
153.000000
98.000000
-144.000000
-212.000000
-290.000000
-477.000000
-545.000000
-406.000000
-417.000000
-424.000000
-300.000000
-112.000000
-168.000000
-6.000000
156.000000
196.000000
81.000000
267.000000
263.000000
220.000000
251.000000
305.000000
302.000000
195.000000
193.000000
179.000000
178.000000
64.000000
145.000000
219.000000
174.000000
171.000000
312.000000
307.000000
293.000000
324.000000
448.000000
290.000000
285.000000
345.000000
369.000000
219.000000
399.000000
402.000000
420.000000
441.000000
439.000000
543.000000
435.000000
435.000000
472.000000
449.000000
310.000000
271.000000
226.000000
110.000000
17.000000
153.000000
176.000000
132.000000
202.000000
380.000000
275.000000
359.000000
485.000000
567.000000
503.000000
607.000000
631.000000
529.000000
514.000000
545.000000
574.000000
490.000000
446.000000
495.000000
395.000000
291.000000
342.000000
358.000000
274.000000
293.000000
326.000000
332.000000
250.000000
252.000000
344.000000
285.000000
256.000000
309.000000
411.000000
235.000000
412.000000
398.000000
413.000000
387.000000
468.000000
476.000000
414.000000
404.000000
387.000000
317.000000
213.000000
183.000000
23.000000
-84.000000
-143.000000
-106.000000
-112.000000
-82.000000
-55.000000
3.000000
4.000000
119.000000
186.000000
222.000000
263.000000
265.000000
304.000000
279.000000
269.000000
278.000000
235.000000
199.000000
96.000000
180.000000
-27.000000
-41.000000
-31.000000
-76.000000
-163.000000
-101.000000
-132.000000
-140.000000
-124.000000
-118.000000
-99.000000
-130.000000
-59.000000
-56.000000
59.000000
5.000000
146.000000
122.000000
250.000000
266.000000
338.000000
347.000000
346.000000
352.000000
302.000000
216.000000
154.000000
83.000000
-45.000000
-160.000000
-226.000000
-274.000000
-314.000000
-282.000000
-262.000000
-264.000000
-195.000000
-87.000000
-77.000000
-13.000000
84.000000
57.000000
69.000000
154.000000
145.000000
211.000000
193.000000
230.000000
101.000000
165.000000
81.000000
98.000000
96.000000
48.000000
14.000000
21.000000
16.000000
3.000000
57.000000
2.000000
-4.000000
44.000000
83.000000
45.000000
136.000000
163.000000
217.000000
280.000000
393.000000
382.000000
441.000000
454.000000
442.000000
449.000000
407.000000
377.000000
339.000000
270.000000
216.000000
167.000000
138.000000
59.000000
63.000000
8.000000
20.000000
26.000000
170.000000
220.000000
238.000000
289.000000
347.000000
299.000000
295.000000
404.000000
351.000000
348.000000
387.000000
430.000000
270.000000
322.000000
287.000000
246.000000
258.000000
295.000000
269.000000
258.000000
236.000000
229.000000
253.000000
207.000000
172.000000
230.000000
154.000000
123.000000
189.000000
180.000000
183.000000
218.000000
251.000000
221.000000
315.000000
317.000000
325.000000
309.000000
315.000000
291.000000
240.000000
215.000000
193.000000
141.000000
114.000000
86.000000
59.000000
10.000000
-3.000000
23.000000
57.000000
58.000000
86.000000
78.000000
74.000000
99.000000
96.000000
142.000000
140.000000
102.000000
127.000000
96.000000
101.000000
73.000000
101.000000
37.000000
10.000000
1.000000
12.000000
-7.000000
10.000000
-6.000000
-69.000000
-39.000000
-133.000000
-48.000000
-128.000000
-120.000000
-145.000000
-112.000000
-141.000000
-90.000000
-51.000000
-76.000000
-44.000000
-55.000000
-13.000000
-13.000000
16.000000
53.000000
19.000000
-53.000000
-48.000000
-117.000000
-136.000000
-117.000000
-115.000000
-125.000000
-155.000000
-100.000000
-96.000000
-116.000000
-48.000000
-35.000000
-106.000000
-82.000000
-53.000000
-84.000000
-80.000000
-90.000000
-48.000000
-168.000000
-112.000000
-134.000000
-152.000000
-207.000000
-233.000000
-235.000000
-238.000000
-246.000000
-247.000000
-180.000000
-264.000000
-209.000000
-263.000000
-220.000000
-289.000000
-259.000000
-263.000000
-233.000000
-246.000000
-221.000000
-190.000000
-157.000000
-109.000000
-98.000000
-59.000000
-50.000000
-16.000000
0.000000
38.000000
28.000000
44.000000
-22.000000
-69.000000
-95.000000
-128.000000
-140.000000
-132.000000
-83.000000
-94.000000
-113.000000
-65.000000
-50.000000
-84.000000
-40.000000
4.000000
-33.000000
-23.000000
-33.000000
-9.000000
-55.000000
-41.000000
7.000000
-7.000000
-3.000000
-46.000000
-6.000000
-18.000000
-23.000000
-24.000000
6.000000
-36.000000
-57.000000
-20.000000
-56.000000
-82.000000
-107.000000
-108.000000
-140.000000
-97.000000
-75.000000
-62.000000
-37.000000
-15.000000
-5.000000
23.000000
50.000000
86.000000
77.000000
100.000000
91.000000
64.000000
33.000000
30.000000
27.000000
15.000000
-32.000000
-29.000000
0.000000
-3.000000
24.000000
83.000000
101.000000
76.000000
90.000000
109.000000
104.000000
83.000000
132.000000
132.000000
129.000000
150.000000
195.000000
128.000000
142.000000
133.000000
171.000000
192.000000
219.000000
244.000000
240.000000
229.000000
170.000000
219.000000
178.000000
167.000000
154.000000
152.000000
