# Frecuencia de muestreo: 8000 Hz
-199.000000
-213.000000
-209.000000
-211.000000
-215.000000
-249.000000
-279.000000
-259.000000
-261.000000
-264.000000
-298.000000
-339.000000
-352.000000
-354.000000
-340.000000
-355.000000
-368.000000
-379.000000
-388.000000
-392.000000
-414.000000
-427.000000
-439.000000
-447.000000
-468.000000
-462.000000
-456.000000
-467.000000
-496.000000
-510.000000
-488.000000
-485.000000
-499.000000
-499.000000
-511.000000
-535.000000
-535.000000
-536.000000
-545.000000
-548.000000
-559.000000
-551.000000
-536.000000
-527.000000
-509.000000
-519.000000
-527.000000
-527.000000
-529.000000
-496.000000
-475.000000
-494.000000
-514.000000
-520.000000
-525.000000
-530.000000
-506.000000
-524.000000
-538.000000
-540.000000
-542.000000
-531.000000
-506.000000
-475.000000
-455.000000
-460.000000
-465.000000
-483.000000
-488.000000
-444.000000
-417.000000
-410.000000
-432.000000
-437.000000
-446.000000
-440.000000
-416.000000
-399.000000
-389.000000
-412.000000
-408.000000
-371.000000
-344.000000
-322.000000
-312.000000
-309.000000
-302.000000
-295.000000
-267.000000
-246.000000
-242.000000
-249.000000
-246.000000
-244.000000
-232.000000
-213.000000
-206.000000
-218.000000
-211.000000
-177.000000
-174.000000
-163.000000
-133.000000
-125.000000
-124.000000
-109.000000
-94.000000
-90.000000
-90.000000
-83.000000
-72.000000
-79.000000
-87.000000
-87.000000
-64.000000
-51.000000
-50.000000
-35.000000
-20.000000
-17.000000
-15.000000
14.000000
41.000000
42.000000
56.000000
56.000000
48.000000
41.000000
50.000000
34.000000
47.000000
54.000000
64.000000
58.000000
73.000000
71.000000
86.000000
100.000000
159.000000
401.000000
478.000000
486.000000
421.000000
312.000000
5.000000
60.000000
139.000000
569.000000
1001.000000
1450.000000
1469.000000
1222.000000
557.000000
-135.000000
-793.000000
-1276.000000
-1366.000000
-1205.000000
-820.000000
-357.000000
104.000000
261.000000
384.000000
290.000000
35.000000
-283.000000
-668.000000
-1117.000000
-1478.000000
-1671.000000
-1782.000000
-1661.000000
-1422.000000
-1122.000000
-685.000000
-179.000000
283.000000
799.000000
1325.000000
1740.000000
2010.000000
2001.000000
1680.000000
1087.000000
314.000000
-481.000000
-1078.000000
-1377.000000
-1285.000000
-804.000000
-120.000000
614.000000
1277.000000
1637.000000
1619.000000
1351.000000
870.000000
299.000000
-212.000000
-544.000000
-754.000000
-807.000000
-803.000000
-793.000000
-927.000000
-1201.000000
-1570.000000
-1933.000000
-2356.000000
-2692.000000
-2997.000000
-3486.000000
-4202.000000
-4786.000000
-5611.000000
-5414.000000
-2463.000000
136.000000
4313.000000
7927.000000
9738.000000
9111.000000
6695.000000
2690.000000
-2546.000000
-6085.000000
-8900.000000
-9208.000000
-7768.000000
-4866.000000
-1374.000000
1672.000000
4071.000000
5031.000000
5196.000000
4288.000000
3175.000000
2112.000000
676.000000
-222.000000
-1725.000000
-2721.000000
-3966.000000
-4439.000000
-4429.000000
-3279.000000
-901.000000
1804.000000
5558.000000
7957.000000
9423.000000
8464.000000
6028.000000
1769.000000
-2325.000000
-5631.000000
-7277.000000
-6663.000000
-4475.000000
-1250.000000
1677.000000
3868.000000
4482.000000
3933.000000
2370.000000
519.000000
-1296.000000
-2906.000000
-4138.000000
-5228.000000
-5948.000000
-6849.000000
-7299.000000
-8136.000000
-7948.000000
-4876.000000
-1389.000000
4274.000000
9151.000000
13314.000000
13257.000000
11526.000000
6337.000000
-209.000000
-6047.000000
-10826.000000
-12026.000000
-11617.000000
-7372.000000
-3522.000000
2004.000000
5196.000000
8080.000000
8501.000000
7818.000000
6234.000000
3913.000000
2231.000000
-211.000000
-1289.000000
-3280.000000
-3746.000000
-4446.000000
-3509.000000
-2233.000000
440.000000
3153.000000
5677.000000
7572.000000
7781.000000
6714.000000
3962.000000
924.000000
-2489.000000
-4692.000000
-5723.000000
-5098.000000
-3472.000000
-1180.000000
1058.000000
2514.000000
2796.000000
2113.000000
482.000000
-1298.000000
-3431.000000
-4775.000000
-6240.000000
-6841.000000
-8137.000000
-7246.000000
-4408.000000
-1667.000000
3466.000000
6950.000000
10520.000000
9596.000000
9598.000000
4555.000000
988.000000
-4231.000000
-7112.000000
-9004.000000
-8679.000000
-5959.000000
-3582.000000
1113.000000
2787.000000
6293.000000
5831.000000
6899.000000
4881.000000
4537.000000
2391.000000
1292.000000
-249.000000
-1653.000000
-2266.000000
-3197.000000
-2461.000000
-1931.000000
519.000000
2112.000000
4812.000000
6098.000000
6817.000000
5914.000000
4220.000000
1746.000000
-773.000000
-2571.000000
-3689.000000
-3499.000000
-2631.000000
-1111.000000
104.000000
1019.000000
902.000000
279.000000
-1034.000000
-2525.000000
-4046.000000
-5248.000000
-5918.000000
-6700.000000
-6749.000000
-7522.000000
-4660.000000
-2293.000000
2172.000000
6045.000000
9784.000000
10493.000000
9304.000000
6908.000000
1273.000000
-2415.000000
-7604.000000
-8713.000000
-10352.000000
-7159.000000
-5106.000000
-375.000000
2657.000000
5721.000000
7182.000000
7337.000000
6829.000000
5072.000000
4041.000000
1637.000000
582.000000
-1471.000000
-2033.000000
-3152.000000
-2530.000000
-2016.000000
-75.000000
1759.000000
3849.000000
5428.000000
5971.000000
5625.000000
4075.000000
2221.000000
-70.000000
-1583.000000
-2463.000000
-2392.000000
-1589.000000
-437.000000
650.000000
1023.000000
801.000000
-123.000000
-1288.000000
-2670.000000
-3751.000000
-4653.000000
-5362.000000
-6116.000000
-6301.000000
-7064.000000
-6761.000000
-3336.000000
-763.000000
4264.000000
7748.000000
11351.000000
10135.000000
9534.000000
4647.000000
-19.000000
-4739.000000
-8361.000000
-9469.000000
-9410.000000
-5732.000000
-3497.000000
1825.000000
3574.000000
6847.000000
6650.000000
7294.000000
5703.000000
4849.000000
3361.000000
1658.000000
725.000000
-685.000000
-951.000000
-1724.000000
-1054.000000
-818.000000
964.000000
2360.000000
4228.000000
5506.000000
5873.000000
5206.000000
3523.000000
1576.000000
-643.000000
-1824.000000
-2605.000000
-2168.000000
-1365.000000
-200.000000
553.000000
591.000000
335.000000
-795.000000
-1696.000000
-3288.000000
-3915.000000
-5145.000000
-5509.000000
-6595.000000
-6619.000000
-7768.000000
-6619.000000
-2792.000000
216.000000
6079.000000
9330.000000
12971.000000
10779.000000
10175.000000
3586.000000
-748.000000
-6441.000000
-9398.000000
-10412.000000
-9416.000000
-5303.000000
-2702.000000
3020.000000
4133.000000
7651.000000
6625.000000
7543.000000
5295.000000
4901.000000
3016.000000
1561.000000
643.000000
-810.000000
-1118.000000
-2157.000000
-1263.000000
-981.000000
1438.000000
2967.000000
5344.000000
6419.000000
6586.000000
5465.000000
3523.000000
1325.000000
-1076.000000
-2084.000000
-2825.000000
-2080.000000
-1369.000000
-152.000000
181.000000
71.000000
-605.000000
-1914.000000
-2865.000000
-4274.000000
-4690.000000
-5644.000000
-5607.000000
-5991.000000
-5701.000000
-6353.000000
-5173.000000
-2074.000000
529.000000
5437.000000
8535.000000
11433.000000
9987.000000
8908.000000
3513.000000
-849.000000
-5796.000000
-8919.000000
-10021.000000
-9148.000000
-5669.000000
-2527.000000
2481.000000
4620.000000
7434.000000
7151.000000
7217.000000
5245.000000
4215.000000
2306.000000
1073.000000
451.000000
-348.000000
-477.000000
-898.000000
-351.000000
-135.000000
1545.000000
2609.000000
4431.000000
5171.000000
5468.000000
4502.000000
3113.000000
1183.000000
-720.000000
-1721.000000
-2497.000000
-2090.000000
-1861.000000
-888.000000
-826.000000
-722.000000
-1577.000000
-2475.000000
-3620.000000
-4715.000000
-5317.000000
-5972.000000
-5774.000000
-6259.000000
-5775.000000
-6534.000000
-3642.000000
-1291.000000
2839.000000
6905.000000
10246.000000
11298.000000
9619.000000
7362.000000
1129.000000
-2436.000000
-7746.000000
-8988.000000
-10324.000000
-7367.000000
-4922.000000
-664.000000
2917.000000
5174.000000
7112.000000
6585.000000
6553.000000
4323.000000
3933.000000
1784.000000
1537.000000
441.000000
210.000000
-406.000000
-519.000000
-282.000000
134.000000
1540.000000
2446.000000
4143.000000
4689.000000
5120.000000
4292.000000
3245.000000
1487.000000
-89.000000
-1162.000000
-1951.000000
-1959.000000
-2035.000000
-1674.000000
-2115.000000
-2319.000000
-3051.000000
-3521.000000
-4283.000000
-4759.000000
-5193.000000
-5546.000000
-5972.000000
-6302.000000
-6777.000000
-5762.000000
-2385.000000
733.000000
5721.000000
9037.000000
11540.000000
10039.000000
8332.000000
2954.000000
-1690.000000
-6271.000000
-9050.000000
-9763.000000
-8515.000000
-5016.000000
-2222.000000
2207.000000
3840.000000
6161.000000
5656.000000
5937.000000
4414.000000
3955.000000
2790.000000
1905.000000
1319.000000
397.000000
91.000000
-747.000000
-296.000000
-165.000000
1222.000000
2166.000000
3600.000000
4303.000000
4392.000000
3814.000000
2559.000000
1248.000000
-372.000000
-1258.000000
-1819.000000
-1907.000000
-1834.000000
-1660.000000
-1735.000000
-2484.000000
-2972.000000
-3876.000000
-4626.000000
-5174.000000
-5680.000000
-5821.000000
-6823.000000
-6877.000000
-8434.000000
-6141.000000
-2934.000000
1216.000000
6746.000000
10398.000000
12793.000000
10211.000000
8657.000000
1263.000000
-2776.000000
-8663.000000
-10305.000000
-11316.000000
-9004.000000
-5144.000000
-2020.000000
2883.000000
3878.000000
6767.000000
5201.000000
6017.000000
3928.000000
4168.000000
2680.000000
1974.000000
1141.000000
-258.000000
-469.000000
-1668.000000
-849.000000
-744.000000
1353.000000
2337.000000
4340.000000
5050.000000
5078.000000
4261.000000
2692.000000
1109.000000
-658.000000
-1502.000000
-2227.000000
-1991.000000
-1859.000000
-1357.000000
-1456.000000
-1693.000000
-2536.000000
-3241.000000
-4510.000000
-5217.000000
-6123.000000
-6725.000000
-7369.000000
-7865.000000
-8224.000000
-8445.000000
-3605.000000
-1056.000000
5173.000000
8838.000000
12772.000000
11290.000000
9813.000000
5103.000000
-1349.000000
-5224.000000
-10283.000000
-10037.000000
-11092.000000
-6173.000000
-4728.000000
833.000000
2299.000000
5166.000000
5490.000000
5712.000000
5520.000000
4463.000000
4582.000000
2265.000000
1916.000000
-738.000000
-1123.000000
-2696.000000
-1977.000000
-1452.000000
817.000000
2866.000000
4831.000000
6459.000000
6252.000000
5483.000000
3193.000000
1301.000000
-1045.000000
-2069.000000
-2787.000000
-2455.000000
-1872.000000
-1293.000000
-839.000000
-1213.000000
-1658.000000
-2832.000000
-3596.000000
-4969.000000
-5532.000000
-6370.000000
-7042.000000
-7581.000000
-7858.000000
-8216.000000
-8050.000000
-3569.000000
-731.000000
5095.000000
9069.000000
12633.000000
11434.000000
9758.000000
4940.000000
-1419.000000
-5578.000000
-10367.000000
-10614.000000
-11105.000000
-6763.000000
-4630.000000
628.000000
2804.000000
5353.000000
5991.000000
5918.000000
5622.000000
4350.000000
4141.000000
1962.000000
1355.000000
-741.000000
-1292.000000
-2449.000000
-2066.000000
-1314.000000
540.000000
2703.000000
4666.000000
6368.000000
6296.000000
5545.000000
3365.000000
1291.000000
-1042.000000
-2204.000000
-2961.000000
-2806.000000
-2367.000000
-1977.000000
-1602.000000
-1998.000000
-2228.000000
-3288.000000
-3663.000000
-4951.000000
-5102.000000
-6161.000000
-6420.000000
-7515.000000
-7918.000000
-9217.000000
-7974.000000
-3586.000000
-328.000000
6553.000000
10138.000000
13911.000000
11294.000000
10258.000000
2904.000000
-2124.000000
-7975.000000
-11292.000000
-11980.000000
-10862.000000
-6217.000000
-3604.000000
2311.000000
3312.000000
6647.000000
5443.000000
6300.000000
4389.000000
4349.000000
3187.000000
1894.000000
1082.000000
-1203.000000
-1925.000000
-3578.000000
-2584.000000
-2059.000000
1289.000000
3416.000000
6262.000000
7517.000000
7217.000000
5686.000000
2964.000000
577.000000
-2074.000000
-2731.000000
-3352.000000
-2402.000000
-1860.000000
-974.000000
-927.000000
-1248.000000
-1678.000000
-2956.000000
-3739.000000
-5267.000000
-5587.000000
-6749.000000
-6883.000000
-7818.000000
-7787.000000
-8947.000000
-7882.000000
-3180.000000
-301.000000
6666.000000
10115.000000
14289.000000
11487.000000
10634.000000
3349.000000
-2114.000000
-7821.000000
-11848.000000
-12269.000000
-11726.000000
-6550.000000
-4233.000000
2228.000000
3316.000000
6864.000000
6094.000000
6840.000000
5238.000000
4718.000000
3780.000000
2018.000000
1106.000000
-1537.000000
-2789.000000
-4625.000000
-3786.000000
-2697.000000
877.000000
4098.000000
7572.000000
9250.000000
9157.000000
7132.000000
3878.000000
451.000000
-2532.000000
-3787.000000
-4152.000000
-2923.000000
-1818.000000
-345.000000
-67.000000
-209.000000
-919.000000
-2077.000000
-3137.000000
-4557.000000
-5319.000000
-6123.000000
-6764.000000
-7366.000000
-7923.000000
-8114.000000
-9814.000000
-5513.000000
-2631.000000
2910.000000
8356.000000
12798.000000
13831.000000
11225.000000
8668.000000
-337.000000
-3994.000000
-11513.000000
-11875.000000
-13662.000000
-9148.000000
-6016.000000
-982.000000
3491.000000
4838.000000
7596.000000
5853.000000
6973.000000
4056.000000
5110.000000
2569.000000
2392.000000
191.000000
-1550.000000
-3100.000000
-4385.000000
-3391.000000
-2026.000000
1879.000000
4722.000000
8388.000000
9309.000000
9052.000000
6465.000000
3014.000000
-700.000000
-3354.000000
-4600.000000
-4546.000000
-3169.000000
-1711.000000
-310.000000
43.000000
-103.000000
-1227.000000
-2387.000000
-3966.000000
-4993.000000
-5714.000000
-6091.000000
-6544.000000
-6912.000000
-7331.000000
-8349.000000
-8680.000000
-4313.000000
-1794.000000
4668.000000
8962.000000
13514.000000
12252.000000
10890.000000
5589.000000
-1691.000000
-6332.000000
-12275.000000
-11831.000000
-12948.000000
-6746.000000
-4828.000000
2158.000000
3883.000000
7085.000000
7180.000000
6786.000000
6223.000000
4335.000000
4873.000000
2327.000000
2524.000000
-653.000000
-1300.000000
-3987.000000
-3771.000000
-3050.000000
-325.000000
3432.000000
6918.000000
9804.000000
9982.000000
8852.000000
5075.000000
1292.000000
-2402.000000
-4431.000000
-5033.000000
-3791.000000
-1920.000000
-138.000000
1058.000000
955.000000
222.000000
-1294.000000
-2781.000000
-4170.000000
-5065.000000
-5268.000000
-5845.000000
-5680.000000
-6350.000000
-6504.000000
-8474.000000
-7302.000000
-3643.000000
-506.000000
6225.000000
10157.000000
14238.000000
11734.000000
11025.000000
3364.000000
-1951.000000
-8089.000000
-11786.000000
-12168.000000
-11095.000000
-5536.000000
-2882.000000
3780.000000
4676.000000
8126.000000
6930.000000
7436.000000
5783.000000
5182.000000
4668.000000
2763.000000
2115.000000
-822.000000
-1651.000000
-4245.000000
-3482.000000
-2717.000000
537.000000
4097.000000
7657.000000
10027.000000
9787.000000
8264.000000
4224.000000
763.000000
-2886.000000
-4323.000000
-4798.000000
-3249.000000
-1680.000000
130.000000
785.000000
656.000000
-274.000000
-1664.000000
-2770.000000
-4002.000000
-4268.000000
-4849.000000
-5293.000000
-6033.000000
-6748.000000
-7708.000000
-9319.000000
-7600.000000
-3557.000000
212.000000
7104.000000
10904.000000
14384.000000
11632.000000
10439.000000
2298.000000
-2505.000000
-8840.000000
-11753.000000
-12111.000000
-10654.000000
-5441.000000
-3012.000000
3633.000000
3988.000000
8032.000000
6593.000000
7975.000000
5975.000000
6077.000000
4925.000000
2949.000000
1717.000000
-1488.000000
-2696.000000
-5273.000000
-4039.000000
-3289.000000
638.000000
4053.000000
7835.000000
9802.000000
9744.000000
7884.000000
4149.000000
685.000000
-2629.000000
-4155.000000
-4330.000000
-3063.000000
-1522.000000
-109.000000
571.000000
435.000000
-279.000000
-999.000000
-2163.000000
-2846.000000
-3444.000000
-3850.000000
-4963.000000
-5690.000000
-7210.000000
-8363.000000
-10024.000000
-8389.000000
-3924.000000
97.000000
7420.000000
11224.000000
15203.000000
12169.000000
11132.000000
2768.000000
-2026.000000
-8721.000000
-11560.000000
-12332.000000
-10876.000000
-5837.000000
-3122.000000
3487.000000
4147.000000
8564.000000
7211.000000
8972.000000
6843.000000
7103.000000
5363.000000
3497.000000
1728.000000
-1440.000000
-2940.000000
-5506.000000
-4519.000000
-3711.000000
493.000000
3957.000000
8252.000000
10291.000000
10534.000000
8617.000000
5051.000000
1242.000000
-2252.000000
-3923.000000
-4533.000000
-3318.000000
-1955.000000
-198.000000
485.000000
974.000000
409.000000
-84.000000
-1180.000000
-1985.000000
-2985.000000
-3683.000000
-4980.000000
-6085.000000
-7550.000000
-8744.000000
-10313.000000
-9129.000000
-4260.000000
-706.000000
7039.000000
11044.000000
15668.000000
12761.000000
12153.000000
3699.000000
-1508.000000
-8477.000000
-11947.000000
-12815.000000
-11805.000000
-6249.000000
-3716.000000
3748.000000
4484.000000
9345.000000
7832.000000
9586.000000
7256.000000
7070.000000
5525.000000
3224.000000
1706.000000
-1924.000000
-3261.000000
-6299.000000
-5205.000000
-4267.000000
109.000000
4162.000000
8920.000000
11605.000000
11898.000000
10136.000000
5917.000000
1572.000000
-2600.000000
-4751.000000
-5648.000000
-4218.000000
-2490.000000
-347.000000
1043.000000
1792.000000
1453.000000
998.000000
-163.000000
-1589.000000
-2660.000000
-4151.000000
-5390.000000
-6927.000000
-7944.000000
-9398.000000
-9907.000000
-10375.000000
-5369.000000
-1771.000000
5281.000000
10555.000000
15223.000000
14777.000000
12585.000000
7378.000000
-827.000000
-6147.000000
-12446.000000
-12714.000000
-13431.000000
-7604.000000
-4506.000000
2248.000000
5230.000000
8587.000000
9426.000000
9130.000000
8722.000000
6504.000000
6406.000000
3285.000000
2426.000000
-1259.000000
-2954.000000
-5872.000000
-6253.000000
-4902.000000
-1832.000000
3254.000000
7560.000000
11839.000000
12470.000000
11644.000000
7691.000000
2953.000000
-1807.000000
-5250.000000
-6522.000000
-5926.000000
-3528.000000
-1171.000000
1335.000000
2369.000000
2579.000000
1860.000000
561.000000
-1209.000000
-2608.000000
-4279.000000
-5431.000000
-6967.000000
-7719.000000
-9570.000000
-10045.000000
-12183.000000
-8393.000000
-4279.000000
1643.000000
9430.000000
14222.000000
17420.000000
13940.000000
11884.000000
1121.000000
-3653.000000
-12113.000000
-13440.000000
-14842.000000
-10379.000000
-5616.000000
-511.000000
5629.000000
7066.000000
10523.000000
8450.000000
9657.000000
6252.000000
6967.000000
4115.000000
2994.000000
234.000000
-2748.000000
-5232.000000
-7505.000000
-6342.000000
-4548.000000
1099.000000
5633.000000
11111.000000
13213.000000
13062.000000
9945.000000
4781.000000
-521.000000
-5189.000000
-7010.000000
-7151.000000
-4664.000000
-1999.000000
1094.000000
2688.000000
3253.000000
2672.000000
1308.000000
-606.000000
-2344.000000
-4005.000000
-5475.000000
-6804.000000
-7734.000000
-9157.000000
-9874.000000
-11174.000000
-10666.000000
-4982.000000
-1229.000000
7672.000000
12141.000000
18038.000000
14823.000000
13632.000000
4981.000000
-2325.000000
-8910.000000
-14059.000000
-13629.000000
-13345.000000
-5691.000000
-3396.000000
5044.000000
5848.000000
10294.000000
8663.000000
9455.000000
7310.000000
6228.000000
5466.000000
2625.000000
1648.000000
-2644.000000
-4042.000000
-7722.000000
-6638.000000
-5910.000000
-947.000000
3780.000000
9257.000000
12814.000000
13351.000000
11610.000000
6517.000000
1327.000000
-4130.000000
-6828.000000
-7756.000000
-5755.000000
-3043.000000
132.000000
2493.000000
3390.000000
3153.000000
1822.000000
-77.000000
-2335.000000
-3974.000000
-5536.000000
-6597.000000
-7609.000000
-8511.000000
-9922.000000
-10637.000000
-12010.000000
-6777.000000
-3228.000000
4759.000000
10634.000000
16418.000000
16000.000000
13546.000000
8350.000000
-1494.000000
-6476.000000
-14335.000000
-13731.000000
-15318.000000
-7803.000000
-5115.000000
2728.000000
5700.000000
8750.000000
9434.000000
8369.000000
8199.000000
5257.000000
6009.000000
2452.000000
2205.000000
-1928.000000
-3515.000000
-7091.000000
-7406.000000
-6741.000000
-3360.000000
1980.000000
7070.000000
11862.000000
13145.000000
12349.000000
7871.000000
2664.000000
-2955.000000
-6532.000000
-7830.000000
-6538.000000
-3735.000000
-592.000000
2230.000000
3338.000000
3314.000000
2005.000000
202.000000
-2260.000000
-3878.000000
-5602.000000
-6551.000000
-7815.000000
-8146.000000
-9423.000000
-9755.000000
-11039.000000
-7661.000000
-3262.000000
2338.000000
9622.000000
13919.000000
16442.000000
12770.000000
9966.000000
-178.000000
-5220.000000
-12877.000000
-13971.000000
-14656.000000
-9744.000000
-4674.000000
689.000000
6351.000000
7758.000000
10410.000000
8210.000000
8797.000000
5411.000000
5735.000000
2890.000000
1908.000000
-822.000000
-3126.000000
-5491.000000
-7017.000000
-5840.000000
-3836.000000
1434.000000
5961.000000
10956.000000
12586.000000
12284.000000
8618.000000
3673.000000
-1609.000000
-5400.000000
-7019.000000
-6299.000000
-3838.000000
-985.000000
1794.000000
3058.000000
3150.000000
1886.000000
229.000000
-2320.000000
-3956.000000
-5548.000000
-6362.000000
-7549.000000
-7991.000000
-9384.000000
-9824.000000
-11689.000000
-7149.000000
-3559.000000
2979.000000
9685.000000
14556.000000
16120.000000
12803.000000
9667.000000
-1175.000000
-5492.000000
-14066.000000
-13995.000000
-15535.000000
-9178.000000
-5270.000000
1146.000000
6115.000000
7784.000000
10149.000000
7909.000000
8695.000000
4965.000000
5974.000000
2649.000000
2209.000000
-961.000000
-3236.000000
-5890.000000
-7414.000000
-6231.000000
-4249.000000
1253.000000
5636.000000
10748.000000
12286.000000
11970.000000
8251.000000
3248.000000
-1903.000000
-5791.000000
-7168.000000
-6596.000000
-3944.000000
-1412.000000
1374.000000
2301.000000
2443.000000
1162.000000
-387.000000
-2801.000000
-4406.000000
-5748.000000
-6722.000000
-7692.000000
-8029.000000
-9200.000000
-9805.000000
-10996.000000
-6547.000000
-3044.000000
3585.000000
9850.000000
14226.000000
15205.000000
11884.000000
8014.000000
-2162.000000
-6416.000000
-14199.000000
-13780.000000
-14695.000000
-8382.000000
-4517.000000
1751.000000
6204.000000
7848.000000
9913.000000
8025.000000
8648.000000
5446.000000
6179.000000
2941.000000
1955.000000
-1137.000000
-3714.000000
-5963.000000
-7390.000000
-5686.000000
-3498.000000
2058.000000
6334.000000
10947.000000
12257.000000
11290.000000
7740.000000
2431.000000
-2037.000000
-5843.000000
-6558.000000
-6022.000000
-3250.000000
-868.000000
1421.000000
2298.000000
1912.000000
860.000000
-1066.000000
-2802.000000
-4637.000000
-5394.000000
-6488.000000
-7155.000000
-7926.000000
-8803.000000
-10089.000000
-10393.000000
-4911.000000
-1916.000000
6296.000000
11123.000000
16031.000000
14050.000000
12155.000000
5040.000000
-3272.000000
-8514.000000
-14620.000000
-13780.000000
-13697.000000
-6333.000000
-3647.000000
4034.000000
6043.000000
9128.000000
8859.000000
8509.000000
7600.000000
5604.000000
5684.000000
2510.000000
1431.000000
-2436.000000
-4626.000000
-7679.000000
-7523.000000
-5768.000000
-1793.000000
3905.000000
8831.000000
12444.000000
12760.000000
10566.000000
5622.000000
174.000000
-4422.000000
-7089.000000
-7175.000000
-5203.000000
-2367.000000
277.000000
1750.000000
2052.000000
1024.000000
-332.000000
-2155.000000
-3696.000000
-5044.000000
-5663.000000
-6823.000000
-7463.000000
-8423.000000
-9257.000000
-11173.000000
-8628.000000
-3925.000000
790.000000
8892.000000
13292.000000
16395.000000
12757.000000
10499.000000
341.000000
-5315.000000
-12216.000000
-14686.000000
-14401.000000
-11065.000000
-4878.000000
-1122.000000
5721.000000
6412.000000
9538.000000
7805.000000
8496.000000
6311.000000
6157.000000
4688.000000
2231.000000
39.000000
-3766.000000
-5870.000000
-8425.000000
-6920.000000
-4593.000000
583.000000
5759.000000
10567.000000
12726.000000
12013.000000
8917.000000
3598.000000
-1300.000000
-5177.000000
-6652.000000
-6175.000000
-3741.000000
-1350.000000
1030.000000
1748.000000
1667.000000
306.000000
-888.000000
-2513.000000
-3751.000000
-4526.000000
-5241.000000
-6230.000000
-7184.000000
-8469.000000
-9974.000000
-11609.000000
-7122.000000
-3337.000000
3847.000000
10892.000000
15824.000000
16408.000000
13030.000000
8509.000000
-2287.000000
-6872.000000
-14560.000000
-14111.000000
-14559.000000
-8066.000000
-4184.000000
1802.000000
6047.000000
7342.000000
9232.000000
7716.000000
8483.000000
6095.000000
7142.000000
4289.000000
2858.000000
-873.000000
-4146.000000
-7494.000000
-8862.000000
-6947.000000
-3517.000000
2787.000000
8270.000000
12878.000000
13774.000000
12204.000000
7495.000000
1773.000000
-3114.000000
-6465.000000
-7057.000000
-5609.000000
-2664.000000
-232.000000
1836.000000
1976.000000
1261.000000
-167.000000
-1660.000000
-3039.000000
-4119.000000
-4429.000000
-5428.000000
-5845.000000
-7533.000000
-8671.000000
-11051.000000
-10819.000000
-5849.000000
-1805.000000
6924.000000
12144.000000
17236.000000
14478.000000
12286.000000
3871.000000
-4223.000000
-10056.000000
-15191.000000
-14045.000000
-12903.000000
-5584.000000
-2670.000000
4436.000000
5827.000000
8340.000000
7966.000000
7939.000000
7439.000000
6451.000000
6849.000000
3801.000000
2257.000000
-2471.000000
-5296.000000
-8827.000000
-8651.000000
-6454.000000
-1633.000000
4752.000000
9992.000000
13948.000000
13500.000000
11218.000000
5525.000000
218.000000
-4603.000000
-6836.000000
-6890.000000
-4820.000000
-1959.000000
331.000000
1722.000000
1455.000000
453.000000
-1230.000000
-2463.000000
-3718.000000
-4262.000000
-4565.000000
-5425.000000
-6382.000000
-8232.000000
-9775.000000
-12625.000000
-8618.000000
-4822.000000
2042.000000
9890.000000
15238.000000
17042.000000
13559.000000
9972.000000
-1112.000000
-6078.000000
-13693.000000
-14430.000000
-14678.000000
-9282.000000
-4702.000000
308.000000
5434.000000
6514.000000
8681.000000
7590.000000
8539.000000
6725.000000
7632.000000
5778.000000
3684.000000
416.000000
-3819.000000
-7381.000000
-9935.000000
-8343.000000
-5186.000000
1210.000000
7544.000000
12808.000000
14894.000000
13491.000000
9365.000000
2962.000000
-2304.000000
-6416.000000
-7577.000000
-6430.000000
-3646.000000
-853.000000
1284.000000
1856.000000
1064.000000
-321.000000
-1904.000000
-3147.000000
-4257.000000
-4334.000000
-5307.000000
-5757.000000
-7383.000000
-8641.000000
-11492.000000
-10934.000000
-6166.000000
-2240.000000
6817.000000
12073.000000
17220.000000
14561.000000
12983.000000
3771.000000
-3485.000000
-10220.000000
-14729.000000
-14695.000000
-12726.000000
-6385.000000
-2969.000000
3886.000000
5578.000000
8377.000000
7944.000000
8651.000000
7598.000000
7461.000000
7052.000000
4655.000000
2320.000000
-1896.000000
-5583.000000
-9221.000000
-9711.000000
-7363.000000
-2474.000000
4457.000000
10567.000000
14845.000000
14858.000000
12169.000000
6249.000000
63.000000
-4902.000000
-7595.000000
-7450.000000
-5204.000000
-1990.000000
628.000000
2189.000000
1746.000000
608.000000
-1307.000000
-2813.000000
-4053.000000
-4431.000000
-4806.000000
-5354.000000
-5966.000000
-7495.000000
-8862.000000
-11234.000000
-7662.000000
-4243.000000
2337.000000
9324.000000
14610.000000
16100.000000
13446.000000
9403.000000
-376.000000
-5856.000000
-12964.000000
-13987.000000
-14271.000000
-9006.000000
-4877.000000
673.000000
4968.000000
6981.000000
8452.000000
8001.000000
8249.000000
6808.000000
7260.000000
5456.000000
3615.000000
451.000000
-3153.000000
-6705.000000
-8960.000000
-8159.000000
-5359.000000
155.000000
6366.000000
11527.000000
14297.000000
13549.000000
10270.000000
4446.000000
-698.000000
-5086.000000
-6913.000000
-6386.000000
-4290.000000
-1512.000000
679.000000
1720.000000
1168.000000
156.000000
-1573.000000
-2791.000000
-3837.000000
-4065.000000
-4961.000000
-5325.000000
-6916.000000
-8222.000000
-10976.000000
-10494.000000
-6169.000000
-2238.000000
6295.000000
11588.000000
16639.000000
14466.000000
13230.000000
4366.000000
-2368.000000
-9522.000000
-13894.000000
-14837.000000
-12998.000000
-7560.000000
-4033.000000
2561.000000
4524.000000
7773.000000
7608.000000
8770.000000
7589.000000
7661.000000
6869.000000
4600.000000
2136.000000
-1788.000000
-5382.000000
-8867.000000
-9597.000000
-7947.000000
-3727.000000
2623.000000
8645.000000
13275.000000
14493.000000
12737.000000
7965.000000
2061.000000
-3148.000000
-6702.000000
-7567.000000
-6236.000000
-3603.000000
-595.000000
1362.000000
2013.000000
1410.000000
-42.000000
-1677.000000
-3258.000000
-4150.000000
-4800.000000
-5512.000000
-6213.000000
-7748.000000
-8896.000000
-11684.000000
-8258.000000
-5243.000000
1045.000000
7833.000000
13549.000000
15548.000000
13625.000000
10629.000000
1026.000000
-4219.000000
-12071.000000
-13605.000000
-15195.000000
-10351.000000
-6892.000000
-1292.000000
3255.000000
5792.000000
7937.000000
7997.000000
8755.000000
7291.000000
7782.000000
5817.000000
3809.000000
553.000000
-3073.000000
-6706.000000
-9279.000000
-8930.000000
-6597.000000
-1231.000000
4965.000000
10770.000000
14369.000000
14626.000000
11860.000000
6474.000000
842.000000
-4192.000000
-6886.000000
-7103.000000
-5342.000000
-2559.000000
309.000000
1844.000000
2187.000000
1385.000000
-167.000000
-1765.000000
-3226.000000
-3951.000000
-4937.000000
-5198.000000
-6626.000000
-7704.000000
-10130.000000
-10817.000000
-6679.000000
-3771.000000
4357.000000
9527.000000
15501.000000
14220.000000
14098.000000
6874.000000
-92.000000
-6830.000000
-12563.000000
-14005.000000
-13936.000000
-8534.000000
-5780.000000
1187.000000
3548.000000
7232.000000
7551.000000
8730.000000
7966.000000
7649.000000
7267.000000
5059.000000
3008.000000
-620.000000
-4112.000000
-7801.000000
-9226.000000
-8515.000000
-5231.000000
837.000000
6905.000000
12465.000000
14927.000000
14323.000000
10271.000000
4562.000000
-1248.000000
-5867.000000
-7733.000000
-7283.000000
-4932.000000
-1861.000000
846.000000
1942.000000
1946.000000
612.000000
-975.000000
-2957.000000
-3795.000000
-4698.000000
-4898.000000
-5692.000000
-6565.000000
-8299.000000
-10210.000000
-6713.000000
-4974.000000
1903.000000
6691.000000
12889.000000
12680.000000
13358.000000
8177.000000
1737.000000
-4321.000000
-10487.000000
-12867.000000
-13874.000000
-9583.000000
-7130.000000
-569.000000
2502.000000
6339.000000
7117.000000
8517.000000
7656.000000
7298.000000
6759.000000
5054.000000
3017.000000
235.000000
-3014.000000
-6247.000000
-8111.000000
-8186.000000
-6042.000000
-1396.000000
4393.000000
9660.000000
13398.000000
13934.000000
11407.000000
6534.000000
1025.000000
-3981.000000
-6888.000000
-7211.000000
-5808.000000
-3022.000000
-133.000000
1452.000000
2064.000000
1131.000000
-160.000000
-2345.000000
-3395.000000
-4704.000000
-4819.000000
-5723.000000
-6017.000000
-7777.000000
-7701.000000
-5375.000000
-2907.000000
2623.000000
6777.000000
11139.000000
10661.000000
11386.000000
5932.000000
1891.000000
-4351.000000
-8117.000000
-11738.000000
-11266.000000
-9282.000000
-6235.000000
-1399.000000
1942.000000
5452.000000
6573.000000
8312.000000
7473.000000
7460.000000
6162.000000
4487.000000
2069.000000
-577.000000
-3478.000000
-6080.000000
-7215.000000
-7248.000000
-4898.000000
-959.000000
4305.000000
8905.000000
12118.000000
12871.000000
10424.000000
6441.000000
1071.000000
-3304.000000
-6429.000000
-6815.000000
-5863.000000
-3205.000000
-557.000000
1132.000000
1729.000000
1247.000000
-338.000000
-2107.000000
-3636.000000
-4525.000000
-5528.000000
-5318.000000
-6309.000000
-6200.000000
-4359.000000
-3164.000000
541.000000
3348.000000
7280.000000
7113.000000
9022.000000
5687.000000
3698.000000
-942.000000
-3854.000000
-7722.000000
-8985.000000
-8813.000000
-7799.000000
-4387.000000
-1773.000000
2056.000000
3859.000000
6466.000000
6465.000000
7044.000000
6010.000000
4722.000000
2676.000000
545.000000
-1945.000000
-4252.000000
-5459.000000
-5847.000000
-5062.000000
-2641.000000
483.000000
4498.000000
7691.000000
9988.000000
9981.000000
8259.000000
4802.000000
788.000000
-2767.000000
-5137.000000
-5771.000000
-5051.000000
-3214.000000
-1431.000000
53.000000
746.000000
730.000000
131.000000
-1011.000000
-2065.000000
-3599.000000
-4826.000000
-6034.000000
-6858.000000
-5306.000000
-3885.000000
-590.000000
2042.000000
5621.000000
6028.000000
7184.000000
5467.000000
3296.000000
478.000000
-2023.000000
-4488.000000
-6193.000000
-6287.000000
-6676.000000
-5120.000000
-3515.000000
-1051.000000
934.000000
3412.000000
4974.000000
5932.000000
6438.000000
5618.000000
4101.000000
1910.000000
-420.000000
-3115.000000
-4694.000000
-5321.000000
-4846.000000
-3131.000000
-678.000000
1943.000000
4650.000000
7001.000000
7921.000000
7789.000000
6507.000000
3791.000000
1102.000000
-1434.000000
-3377.000000
-4392.000000
-4309.000000
-3769.000000
-2842.000000
-1418.000000
-694.000000
203.000000
595.000000
1156.000000
1142.000000
1397.000000
1100.000000
348.000000
-667.000000
-2592.000000
-4505.000000
-6402.000000
-7066.000000
-7002.000000
-4830.000000
-1609.000000
2086.000000
5339.000000
7665.000000
8100.000000
6512.000000
3777.000000
194.000000
-3357.000000
-5698.000000
-6614.000000
-6462.000000
-4985.000000
-3048.000000
-973.000000
705.000000
2312.000000
3282.000000
4227.000000
4794.000000
5026.000000
4506.000000
3464.000000
1595.000000
-500.000000
-2599.000000
-4049.000000
-4696.000000
-3842.000000
-1678.000000
936.000000
3928.000000
6089.000000
7096.000000
6453.000000
5115.000000
2372.000000
-139.000000
-2477.000000
-4073.000000
-4985.000000
-4740.000000
-4140.000000
-3228.000000
-2173.000000
-1332.000000
-518.000000
293.000000
1329.000000
1808.000000
2437.000000
2137.000000
1306.000000
-56.000000
-1431.000000
-2741.000000
-3323.000000
-3017.000000
-2414.000000
-1173.000000
-124.000000
864.000000
1168.000000
1181.000000
799.000000
193.000000
-168.000000
-364.000000
-143.000000
-12.000000
198.000000
-6.000000
-330.000000
-669.000000
-841.000000
-393.000000
356.000000
1519.000000
2329.000000
3013.000000
3001.000000
2666.000000
1834.000000
907.000000
54.000000
-548.000000
-632.000000
-656.000000
-508.000000
-637.000000
-997.000000
-1790.000000
-2560.000000
-3642.000000
-4450.000000
-4119.000000
-2729.000000
-720.000000
2181.000000
4645.000000
6022.000000
5973.000000
4719.000000
2015.000000
-807.000000
-3033.000000
-4613.000000
-4845.000000
-4028.000000
-2807.000000
-1507.000000
-230.000000
522.000000
1103.000000
1525.000000
1965.000000
2203.000000
2591.000000
2549.000000
1998.000000
861.000000
-752.000000
-2702.000000
-4314.000000
-5109.000000
-4791.000000
-3437.000000
-1327.000000
895.000000
2732.000000
3806.000000
4070.000000
3439.000000
2307.000000
961.000000
-238.000000
-1069.000000
-1264.000000
-1229.000000
-935.000000
-538.000000
-332.000000
22.000000
477.000000
1267.000000
1824.000000
2626.000000
2856.000000
2662.000000
1842.000000
655.000000
-1024.000000
-2520.000000
-3596.000000
-4312.000000
-4113.000000
-3327.000000
-1996.000000
-504.000000
1098.000000
2180.000000
2854.000000
3083.000000
2884.000000
2292.000000
1722.000000
721.000000
-332.000000
-1413.000000
-2316.000000
-2935.000000
-3017.000000
-2355.000000
-1485.000000
66.000000
1271.000000
2508.000000
3042.000000
3092.000000
2291.000000
1318.000000
-73.000000
-1334.000000
-2188.000000
-2729.000000
-2762.000000
-2490.000000
-1754.000000
-1063.000000
-51.000000
759.000000
1490.000000
1993.000000
2301.000000
2295.000000
1907.000000
1499.000000
758.000000
125.000000
-489.000000
-831.000000
-1157.000000
-1202.000000
-1049.000000
-843.000000
-411.000000
-19.000000
655.000000
936.000000
1303.000000
1110.000000
689.000000
-176.000000
-854.000000
-1513.000000
-1793.000000
-1543.000000
-1171.000000
-467.000000
151.000000
854.000000
1055.000000
1347.000000
1086.000000
842.000000
530.000000
264.000000
104.000000
-2.000000
94.000000
30.000000
92.000000
-65.000000
-134.000000
-347.000000
-463.000000
-678.000000
-834.000000
-1058.000000
-1213.000000
-1424.000000
-1585.000000
-1611.000000
-1522.000000
-964.000000
-366.000000
580.000000
1435.000000
2115.000000
2348.000000
2294.000000
1780.000000
1043.000000
413.000000
-206.000000
-602.000000
-717.000000
-550.000000
-309.000000
132.000000
418.000000
622.000000
591.000000
423.000000
165.000000
-95.000000
-299.000000
-442.000000
-576.000000
-767.000000
-868.000000
-953.000000
-830.000000
-472.000000
38.000000
487.000000
960.000000
1108.000000
1044.000000
642.000000
218.000000
-411.000000
-800.000000
-1046.000000
-1010.000000
-786.000000
-350.000000
95.000000
485.000000
782.000000
839.000000
834.000000
636.000000
408.000000
134.000000
-31.000000
-233.000000
-382.000000
-536.000000
-738.000000
-952.000000
-977.000000
-853.000000
-474.000000
44.000000
728.000000
1267.000000
1814.000000
1973.000000
2025.000000
1673.000000
1297.000000
668.000000
250.000000
-119.000000
-219.000000
-95.000000
65.000000
337.000000
322.000000
365.000000
72.000000
61.000000
-124.000000
-6.000000
-52.000000
36.000000
-40.000000
-3.000000
-78.000000
-44.000000
36.000000
133.000000
286.000000
376.000000
585.000000
492.000000
547.000000
296.000000
134.000000
-187.000000
-290.000000
-450.000000
-349.000000
-157.000000
150.000000
507.000000
719.000000
859.000000
742.000000
584.000000
201.000000
-45.000000
-273.000000
-266.000000
-127.000000
56.000000
302.000000
418.000000
555.000000
585.000000
666.000000
701.000000
804.000000
861.000000
886.000000
902.000000
749.000000
613.000000
390.000000
253.000000
120.000000
150.000000
245.000000
368.000000
493.000000
552.000000
475.000000
269.000000
60.000000
-172.000000
-399.000000
-427.000000
-386.000000
-278.000000
-6.000000
228.000000
367.000000
474.000000
570.000000
453.000000
419.000000
350.000000
244.000000
149.000000
138.000000
1.000000
-92.000000
-240.000000
-389.000000
-499.000000
-448.000000
-233.000000
19.000000
453.000000
659.000000
858.000000
708.000000
506.000000
-16.000000
-382.000000
-640.000000
-705.000000
-482.000000
-129.000000
283.000000
