# Frecuencia de muestreo: 8000 Hz
-210.000000
-217.000000
-229.000000
-257.000000
-280.000000
-272.000000
-250.000000
-229.000000
-217.000000
-223.000000
-225.000000
-208.000000
-182.000000
-152.000000
-133.000000
-129.000000
-152.000000
-165.000000
-178.000000
-198.000000
-177.000000
-132.000000
-119.000000
-127.000000
-121.000000
-122.000000
-116.000000
-91.000000
-96.000000
-110.000000
-96.000000
-83.000000
-69.000000
-49.000000
-69.000000
-106.000000
-118.000000
-113.000000
-118.000000
-123.000000
-124.000000
-127.000000
-142.000000
-157.000000
-171.000000
-170.000000
-159.000000
-155.000000
-128.000000
-102.000000
-86.000000
-89.000000
-91.000000
-95.000000
-82.000000
-32.000000
2.000000
5.000000
4.000000
-18.000000
-30.000000
1.000000
39.000000
54.000000
53.000000
50.000000
53.000000
70.000000
61.000000
35.000000
39.000000
64.000000
64.000000
51.000000
34.000000
13.000000
5.000000
25.000000
28.000000
3.000000
-7.000000
-11.000000
-23.000000
-13.000000
-9.000000
-38.000000
-76.000000
-93.000000
-87.000000
-44.000000
-14.000000
-21.000000
-34.000000
-43.000000
-29.000000
-5.000000
15.000000
22.000000
10.000000
-3.000000
-16.000000
-18.000000
-2.000000
0.000000
6.000000
22.000000
29.000000
39.000000
61.000000
52.000000
42.000000
64.000000
91.000000
97.000000
92.000000
80.000000
37.000000
-2.000000
-4.000000
7.000000
6.000000
-6.000000
-30.000000
-46.000000
-55.000000
-74.000000
-90.000000
-99.000000
-122.000000
-128.000000
-114.000000
-99.000000
-89.000000
-82.000000
-70.000000
-68.000000
-60.000000
-38.000000
-35.000000
-44.000000
-45.000000
-43.000000
-37.000000
-39.000000
-44.000000
-44.000000
-28.000000
5.000000
35.000000
49.000000
41.000000
13.000000
11.000000
21.000000
18.000000
19.000000
22.000000
13.000000
-14.000000
-27.000000
-49.000000
-60.000000
-39.000000
-12.000000
4.000000
-8.000000
-37.000000
-85.000000
-108.000000
-107.000000
-99.000000
-69.000000
-44.000000
-54.000000
-74.000000
-71.000000
-35.000000
17.000000
54.000000
62.000000
56.000000
62.000000
66.000000
85.000000
105.000000
101.000000
96.000000
107.000000
130.000000
159.000000
179.000000
172.000000
165.000000
163.000000
155.000000
143.000000
142.000000
140.000000
121.000000
101.000000
70.000000
49.000000
44.000000
70.000000
87.000000
89.000000
100.000000
88.000000
70.000000
58.000000
50.000000
65.000000
97.000000
118.000000
107.000000
90.000000
76.000000
83.000000
117.000000
163.000000
189.000000
205.000000
208.000000
188.000000
192.000000
225.000000
236.000000
239.000000
261.000000
260.000000
252.000000
264.000000
268.000000
261.000000
274.000000
301.000000
309.000000
296.000000
289.000000
260.000000
227.000000
213.000000
189.000000
190.000000
185.000000
160.000000
147.000000
142.000000
122.000000
108.000000
89.000000
81.000000
93.000000
91.000000
92.000000
97.000000
108.000000
120.000000
142.000000
172.000000
179.000000
183.000000
185.000000
186.000000
202.000000
230.000000
228.000000
209.000000
209.000000
215.000000
240.000000
276.000000
266.000000
239.000000
249.000000
267.000000
270.000000
291.000000
306.000000
295.000000
286.000000
268.000000
224.000000
189.000000
178.000000
152.000000
125.000000
100.000000
81.000000
59.000000
19.000000
-18.000000
-14.000000
8.000000
30.000000
39.000000
28.000000
22.000000
28.000000
63.000000
83.000000
146.000000
187.000000
301.000000
376.000000
480.000000
564.000000
605.000000
618.000000
589.000000
652.000000
716.000000
870.000000
948.000000
1086.000000
1105.000000
1008.000000
849.000000
576.000000
263.000000
-165.000000
-459.000000
-793.000000
-1046.000000
-1161.000000
-1177.000000
-1162.000000
-1161.000000
-1150.000000
-1268.000000
-1447.000000
-1582.000000
-1686.000000
-1666.000000
-1484.000000
-1061.000000
-482.000000
215.000000
1058.000000
1851.000000
2519.000000
2943.000000
3136.000000
3000.000000
2597.000000
2138.000000
1545.000000
1010.000000
501.000000
164.000000
-98.000000
-181.000000
-142.000000
-81.000000
19.000000
143.000000
302.000000
448.000000
650.000000
841.000000
995.000000
1086.000000
1064.000000
876.000000
467.000000
-247.000000
-1137.000000
-2338.000000
-3480.000000
-4678.000000
-5433.000000
-5959.000000
-5590.000000
-4421.000000
-2876.000000
-426.000000
1823.000000
4364.000000
5753.000000
7266.000000
7300.000000
7021.000000
5792.000000
4357.000000
2482.000000
630.000000
-811.000000
-2126.000000
-2983.000000
-3539.000000
-3846.000000
-3918.000000
-3782.000000
-3375.000000
-2879.000000
-2102.000000
-987.000000
176.000000
1666.000000
3015.000000
4487.000000
5356.000000
6153.000000
6378.000000
6220.000000
5527.000000
4561.000000
3272.000000
1755.000000
326.000000
-937.000000
-2023.000000
-2652.000000
-2979.000000
-2850.000000
-2579.000000
-1923.000000
-1324.000000
-688.000000
-125.000000
282.000000
483.000000
466.000000
406.000000
-95.000000
-604.000000
-1370.000000
-2178.000000
-3432.000000
-3988.000000
-4194.000000
-4161.000000
-3073.000000
-1757.000000
161.000000
1369.000000
3455.000000
4188.000000
5029.000000
4753.000000
4570.000000
3356.000000
2250.000000
1114.000000
98.000000
-718.000000
-1098.000000
-1315.000000
-1355.000000
-1385.000000
-1180.000000
-1254.000000
-991.000000
-700.000000
-106.000000
641.000000
1687.000000
2799.000000
3608.000000
4459.000000
4766.000000
4737.000000
4001.000000
3180.000000
1797.000000
513.000000
-764.000000
-1716.000000
-2585.000000
-3020.000000
-3284.000000
-3280.000000
-3249.000000
-3034.000000
-3110.000000
-3252.000000
-3665.000000
-4143.000000
-4474.000000
-4812.000000
-3801.000000
-2784.000000
-668.000000
1478.000000
3993.000000
5805.000000
6838.000000
7440.000000
6233.000000
4901.000000
2233.000000
210.000000
-2529.000000
-3998.000000
-5149.000000
-5371.000000
-5065.000000
-4080.000000
-3067.000000
-1787.000000
-925.000000
175.000000
506.000000
1435.000000
1887.000000
3040.000000
3964.000000
5380.000000
6465.000000
7188.000000
7351.000000
6627.000000
5171.000000
3097.000000
797.000000
-1575.000000
-3602.000000
-4924.000000
-5687.000000
-5497.000000
-4806.000000
-3580.000000
-2367.000000
-1169.000000
-346.000000
-122.000000
-301.000000
-1005.000000
-1816.000000
-2836.000000
-3469.000000
-3849.000000
-2712.000000
-1901.000000
446.000000
1942.000000
4197.000000
4479.000000
5196.000000
4237.000000
2998.000000
1272.000000
-510.000000
-1729.000000
-3217.000000
-3073.000000
-3313.000000
-2286.000000
-1730.000000
-491.000000
-90.000000
525.000000
525.000000
748.000000
579.000000
1272.000000
1729.000000
3131.000000
4145.000000
5871.000000
6414.000000
6999.000000
6339.000000
5296.000000
3319.000000
1399.000000
-616.000000
-2196.000000
-3245.000000
-3552.000000
-3436.000000
-2834.000000
-2064.000000
-1296.000000
-891.000000
-821.000000
-1283.000000
-2217.000000
-3338.000000
-4353.000000
-5220.000000
-5430.000000
-5330.000000
-3935.000000
-2212.000000
34.000000
2538.000000
4464.000000
6167.000000
6249.000000
6697.000000
5054.000000
4153.000000
1798.000000
535.000000
-1448.000000
-2384.000000
-3153.000000
-3408.000000
-3238.000000
-2921.000000
-2413.000000
-1937.000000
-1396.000000
-715.000000
-145.000000
945.000000
2289.000000
3792.000000
5487.000000
6840.000000
7941.000000
7779.000000
7377.000000
5720.000000
3754.000000
1219.000000
-961.000000
-2961.000000
-4307.000000
-4883.000000
-4834.000000
-4383.000000
-3527.000000
-2751.000000
-1919.000000
-1628.000000
-1316.000000
-1678.000000
-2200.000000
-2841.000000
-3383.000000
-3828.000000
-3841.000000
-3730.000000
-2499.000000
-1655.000000
231.000000
1452.000000
3120.000000
3798.000000
4231.000000
4258.000000
3143.000000
2564.000000
589.000000
-20.000000
-1954.000000
-2219.000000
-3248.000000
-3004.000000
-3044.000000
-2388.000000
-1944.000000
-1194.000000
-670.000000
81.000000
645.000000
1832.000000
2804.000000
4231.000000
5313.000000
6306.000000
6604.000000
6254.000000
5436.000000
3824.000000
2086.000000
-5.000000
-1708.000000
-3256.000000
-4065.000000
-4357.000000
-4147.000000
-3640.000000
-3001.000000
-2432.000000
-1929.000000
-1919.000000
-1995.000000
-2749.000000
-3349.000000
-4087.000000
-4545.000000
-4854.000000
-4710.000000
-4364.000000
-2954.000000
-1841.000000
461.000000
1952.000000
4119.000000
4887.000000
5765.000000
5548.000000
4677.000000
3629.000000
1498.000000
305.000000
-2130.000000
-2770.000000
-4330.000000
-4193.000000
-4547.000000
-3805.000000
-3289.000000
-2271.000000
-1343.000000
-130.000000
1041.000000
2713.000000
4070.000000
5916.000000
6986.000000
8176.000000
8194.000000
7932.000000
6680.000000
4946.000000
2825.000000
521.000000
-1440.000000
-3209.000000
-4212.000000
-4803.000000
-4755.000000
-4408.000000
-3809.000000
-3189.000000
-2616.000000
-2305.000000
-2187.000000
-2620.000000
-3252.000000
-3791.000000
-4468.000000
-4754.000000
-4914.000000
-4242.000000
-2622.000000
-1437.000000
1554.000000
3044.000000
5927.000000
5940.000000
7542.000000
6108.000000
5370.000000
3083.000000
1114.000000
-900.000000
-3142.000000
-3732.000000
-4989.000000
-4397.000000
-4396.000000
-3125.000000
-2529.000000
-1209.000000
-528.000000
656.000000
1546.000000
3264.000000
4319.000000
6322.000000
7277.000000
8652.000000
8486.000000
8368.000000
6844.000000
5005.000000
2548.000000
190.000000
-2101.000000
-3751.000000
-4817.000000
-5028.000000
-4947.000000
-4140.000000
-3553.000000
-2717.000000
-2290.000000
-2059.000000
-2244.000000
-2881.000000
-3809.000000
-4738.000000
-5554.000000
-6102.000000
-6266.000000
-5445.000000
-3475.000000
-2066.000000
1332.000000
3033.000000
6032.000000
6062.000000
7710.000000
6120.000000
5266.000000
2802.000000
864.000000
-1284.000000
-3340.000000
-3866.000000
-4915.000000
-4270.000000
-4207.000000
-2860.000000
-2475.000000
-1157.000000
-723.000000
428.000000
994.000000
2828.000000
3770.000000
5853.000000
6864.000000
8398.000000
8133.000000
7986.000000
6390.000000
4456.000000
1897.000000
-392.000000
-2600.000000
-4257.000000
-5195.000000
-5266.000000
-5114.000000
-4113.000000
-3446.000000
-2518.000000
-2236.000000
-1993.000000
-2274.000000
-2983.000000
-3769.000000
-4811.000000
-5488.000000
-6290.000000
-6294.000000
-6089.000000
-3828.000000
-2818.000000
772.000000
2368.000000
5698.000000
5973.000000
7714.000000
6902.000000
5910.000000
4093.000000
1678.000000
-10.000000
-2786.000000
-3128.000000
-4743.000000
-4100.000000
-4526.000000
-3260.000000
-3262.000000
-1915.000000
-1665.000000
-393.000000
68.000000
2028.000000
3099.000000
5356.000000
6809.000000
8674.000000
9040.000000
9109.000000
8002.000000
6076.000000
3651.000000
1161.000000
-1146.000000
-3111.000000
-4234.000000
-4648.000000
-4692.000000
-4124.000000
-3582.000000
-2904.000000
-2563.000000
-2313.000000
-2327.000000
-2972.000000
-3424.000000
-4440.000000
-4985.000000
-6034.000000
-6121.000000
-6434.000000
-4181.000000
-3281.000000
359.000000
2210.000000
5691.000000
6441.000000
8069.000000
7832.000000
6521.000000
5002.000000
2070.000000
454.000000
-2859.000000
-3261.000000
-5063.000000
-4359.000000
-4639.000000
-3094.000000
-2789.000000
-1286.000000
-868.000000
415.000000
553.000000
2021.000000
3016.000000
4811.000000
6388.000000
8307.000000
9425.000000
9532.000000
9206.000000
7449.000000
5180.000000
2313.000000
-146.000000
-2692.000000
-4373.000000
-5155.000000
-5333.000000
-4974.000000
-4137.000000
-3266.000000
-2457.000000
-2024.000000
-1562.000000
-2119.000000
-2659.000000
-4080.000000
-4830.000000
-6450.000000
-6699.000000
-7786.000000
-5796.000000
-4843.000000
-1874.000000
1076.000000
3985.000000
6605.000000
7096.000000
8798.000000
6463.000000
6148.000000
2559.000000
1392.000000
-2105.000000
-3067.000000
-4596.000000
-4701.000000
-4603.000000
-3575.000000
-2805.000000
-1749.000000
-1024.000000
-270.000000
198.000000
824.000000
2396.000000
3469.000000
5748.000000
7157.000000
9338.000000
9269.000000
9639.000000
7970.000000
6045.000000
2921.000000
380.000000
-2571.000000
-4483.000000
-5830.000000
-5944.000000
-6037.000000
-5022.000000
-4268.000000
-3099.000000
-2634.000000
-2012.000000
-2371.000000
-3052.000000
-4159.000000
-5196.000000
-6360.000000
-7020.000000
-7370.000000
-6638.000000
-4573.000000
-2954.000000
842.000000
2826.000000
6264.000000
6577.000000
8305.000000
6835.000000
5785.000000
3363.000000
935.000000
-1268.000000
-3642.000000
-4181.000000
-5246.000000
-4501.000000
-4161.000000
-2767.000000
-2333.000000
-1019.000000
-856.000000
245.000000
185.000000
2136.000000
2809.000000
5268.000000
6643.000000
8957.000000
9368.000000
9720.000000
8578.000000
6616.000000
3831.000000
1019.000000
-1759.000000
-4103.000000
-5534.000000
-5952.000000
-5869.000000
-5139.000000
-4079.000000
-3106.000000
-2298.000000
-1963.000000
-1791.000000
-2757.000000
-3610.000000
-4815.000000
-5814.000000
-6775.000000
-6962.000000
-6612.000000
-4305.000000
-2876.000000
1172.000000
3148.000000
6687.000000
7183.000000
8654.000000
7722.000000
6152.000000
4360.000000
1209.000000
-418.000000
-3611.000000
-3821.000000
-5434.000000
-4467.000000
-4409.000000
-2882.000000
-2485.000000
-1087.000000
-856.000000
296.000000
280.000000
1984.000000
2943.000000
5141.000000
6940.000000
9103.000000
10271.000000
10454.000000
10036.000000
7934.000000
5528.000000
2306.000000
-553.000000
-3319.000000
-4955.000000
-5682.000000
-5627.000000
-5066.000000
-3929.000000
-3052.000000
-1987.000000
-1774.000000
-1471.000000
-2368.000000
-3260.000000
-4627.000000
-5604.000000
-6592.000000
-7201.000000
-6956.000000
-4766.000000
-3624.000000
332.000000
2531.000000
6300.000000
6862.000000
8774.000000
8132.000000
6664.000000
4934.000000
1955.000000
186.000000
-3192.000000
-3527.000000
-5411.000000
-4757.000000
-4805.000000
-3271.000000
-2941.000000
-1565.000000
-1175.000000
-47.000000
-40.000000
1467.000000
2447.000000
4358.000000
6245.000000
8449.000000
10062.000000
10502.000000
10593.000000
8658.000000
6357.000000
3011.000000
-9.000000
-3050.000000
-5099.000000
-6184.000000
-6475.000000
-6078.000000
-4922.000000
-3955.000000
-2760.000000
-2396.000000
-1942.000000
-2707.000000
-3516.000000
-4883.000000
-5803.000000
-6876.000000
-7180.000000
-7425.000000
-5980.000000
-4000.000000
-1871.000000
1682.000000
3814.000000
6807.000000
6802.000000
8436.000000
6459.000000
5575.000000
2853.000000
834.000000
-1510.000000
-3590.000000
-4074.000000
-5177.000000
-4393.000000
-4082.000000
-2898.000000
-2432.000000
-1431.000000
-1032.000000
-145.000000
115.000000
2120.000000
3087.000000
5647.000000
7141.000000
9600.000000
10028.000000
10339.000000
9206.000000
7041.000000
4088.000000
1026.000000
-1892.000000
-4356.000000
-5812.000000
-6162.000000
-6093.000000
-5252.000000
-4220.000000
-3308.000000
-2609.000000
-2445.000000
-2405.000000
-3328.000000
-4116.000000
-5362.000000
-6015.000000
-6829.000000
-6961.000000
-6625.000000
-4324.000000
-3015.000000
585.000000
2915.000000
6147.000000
7140.000000
8367.000000
8219.000000
6462.000000
5127.000000
1992.000000
464.000000
-2871.000000
-3325.000000
-5022.000000
-4536.000000
-4472.000000
-3303.000000
-2866.000000
-1788.000000
-1276.000000
-324.000000
-54.000000
1288.000000
2573.000000
4397.000000
6494.000000
8656.000000
10391.000000
10718.000000
10726.000000
8908.000000
6512.000000
3298.000000
326.000000
-2603.000000
-4680.000000
-5689.000000
-5889.000000
-5672.000000
-4594.000000
-3817.000000
-2648.000000
-2454.000000
-1864.000000
-2662.000000
-3134.000000
-4481.000000
-5222.000000
-6316.000000
-6803.000000
-7083.000000
-5492.000000
-3714.000000
-1301.000000
2280.000000
4743.000000
7665.000000
7841.000000
9466.000000
7060.000000
6401.000000
2898.000000
1270.000000
-2110.000000
-3504.000000
-4771.000000
-5155.000000
-4510.000000
-3828.000000
-2592.000000
-2120.000000
-954.000000
-741.000000
164.000000
226.000000
2112.000000
3119.000000
5586.000000
7540.000000
9998.000000
10840.000000
11272.000000
10427.000000
8157.000000
5177.000000
1906.000000
-1266.000000
-3947.000000
-5634.000000
-6077.000000
-6324.000000
-5354.000000
-4575.000000
-3370.000000
-2889.000000
-2270.000000
-2449.000000
-3210.000000
-3979.000000
-5350.000000
-5855.000000
-6848.000000
-6615.000000
-6693.000000
-4170.000000
-3071.000000
332.000000
2603.000000
5578.000000
6763.000000
7636.000000
7804.000000
5799.000000
4608.000000
1453.000000
80.000000
-3104.000000
-3473.000000
-4899.000000
-4178.000000
-4167.000000
-2819.000000
-2563.000000
-1490.000000
-1215.000000
-445.000000
-244.000000
652.000000
2277.000000
3703.000000
6129.000000
8080.000000
10079.000000
10398.000000
10451.000000
8967.000000
6424.000000
3362.000000
331.000000
-2640.000000
-4784.000000
-5898.000000
-6076.000000
-5938.000000
-4929.000000
-4114.000000
-3301.000000
-2959.000000
-2696.000000
-3224.000000
-3836.000000
-4891.000000
-5495.000000
-6380.000000
-6512.000000
-6814.000000
-5779.000000
-3734.000000
-2191.000000
1402.000000
3235.000000
6492.000000
6526.000000
8281.000000
6989.000000
6033.000000
3731.000000
1475.000000
-645.000000
-3012.000000
-3565.000000
-4557.000000
-3919.000000
-3767.000000
-2529.000000
-2389.000000
-1138.000000
-1292.000000
45.000000
-400.000000
1593.000000
2384.000000
4749.000000
6720.000000
9067.000000
10475.000000
10587.000000
10375.000000
8216.000000
5662.000000
2559.000000
-383.000000
-3092.000000
-4983.000000
-5666.000000
-5944.000000
-5489.000000
-4453.000000
-3686.000000
-2936.000000
-2642.000000
-2425.000000
-3189.000000
-3678.000000
-4679.000000
-5137.000000
-5913.000000
-5836.000000
-6134.000000
-4166.000000
-2850.000000
-239.000000
2536.000000
4925.000000
7079.000000
7171.000000
8424.000000
6184.000000
5488.000000
2225.000000
844.000000
-2144.000000
-3235.000000
-4260.000000
-4293.000000
-4003.000000
-3021.000000
-2452.000000
-1573.000000
-1106.000000
-524.000000
40.000000
573.000000
2505.000000
3398.000000
6106.000000
7528.000000
9954.000000
10259.000000
10657.000000
9365.000000
7142.000000
4310.000000
1322.000000
-1625.000000
-3813.000000
-5222.000000
-5586.000000
-5641.000000
-4833.000000
-4051.000000
-3345.000000
-2786.000000
-2492.000000
-2722.000000
-3275.000000
-4095.000000
-4917.000000
-5688.000000
-6142.000000
-6497.000000
-6247.000000
-3926.000000
-2980.000000
769.000000
2465.000000
6047.000000
6305.000000
7904.000000
7289.000000
5706.000000
4140.000000
1190.000000
-194.000000
-3357.000000
-3490.000000
-4894.000000
-4134.000000
-4063.000000
-2666.000000
-2542.000000
-1254.000000
-1396.000000
-104.000000
-515.000000
1149.000000
2062.000000
4040.000000
6050.000000
8158.000000
10135.000000
10403.000000
10673.000000
8924.000000
6608.000000
3583.000000
462.000000
-2360.000000
-4636.000000
-5799.000000
-6186.000000
-6170.000000
-5041.000000
-4502.000000
-3342.000000
-3088.000000
-2498.000000
-2988.000000
-3312.000000
-4259.000000
-5034.000000
-5782.000000
-6231.000000
-6653.000000
-5889.000000
-3917.000000
-2634.000000
993.000000
2858.000000
6185.000000
6248.000000
8125.000000
6923.000000
5797.000000
3760.000000
1319.000000
-384.000000
-2981.000000
-3089.000000
-4248.000000
-3573.000000
-3397.000000
-2441.000000
-2096.000000
-1334.000000
-1117.000000
-162.000000
-351.000000
1225.000000
1979.000000
4287.000000
5937.000000
8463.000000
9932.000000
10493.000000
10451.000000
8881.000000
6615.000000
3656.000000
603.000000
-2167.000000
-4443.000000
-5486.000000
-5932.000000
-5711.000000
-4847.000000
-4201.000000
-3077.000000
-2749.000000
-2124.000000
-2633.000000
-2821.000000
-3903.000000
-4438.000000
-5232.000000
-5741.000000
-6107.000000
-5870.000000
-3798.000000
-3100.000000
567.000000
2171.000000
5613.000000
5968.000000
7715.000000
7152.000000
5731.000000
4422.000000
1568.000000
447.000000
-2637.000000
-2450.000000
-4020.000000
-3343.000000
-3473.000000
-2542.000000
-2296.000000
-1626.000000
-1337.000000
-549.000000
-628.000000
645.000000
1502.000000
3575.000000
5292.000000
7688.000000
9475.000000
10149.000000
10463.000000
9124.000000
7126.000000
4176.000000
1227.000000
-1672.000000
-4018.000000
-5433.000000
-5993.000000
-6005.000000
-5216.000000
-4550.000000
-3397.000000
-2958.000000
-2275.000000
-2482.000000
-2753.000000
-3650.000000
-4479.000000
-5255.000000
-6218.000000
-6657.000000
-7000.000000
-4800.000000
-4228.000000
-616.000000
1356.000000
4577.000000
5586.000000
6798.000000
7333.000000
5208.000000
4718.000000
1276.000000
624.000000
-2880.000000
-2572.000000
-4132.000000
-3538.000000
-3556.000000
-2788.000000
-2441.000000
-1990.000000
-1576.000000
-1091.000000
-918.000000
-39.000000
993.000000
2786.000000
4716.000000
6994.000000
9115.000000
10014.000000
10546.000000
9503.000000
7760.000000
4866.000000
1971.000000
-1293.000000
-3713.000000
-5686.000000
-6248.000000
-6615.000000
-5720.000000
-4998.000000
-3681.000000
-2925.000000
-2164.000000
-2000.000000
-2289.000000
-2872.000000
-3981.000000
-4602.000000
-5796.000000
-6190.000000
-7065.000000
-6396.000000
-4787.000000
-3640.000000
-138.000000
1426.000000
4755.000000
4737.000000
7004.000000
5783.000000
5347.000000
3672.000000
1775.000000
545.000000
-1799.000000
-1479.000000
-3002.000000
-2218.000000
-2708.000000
-1819.000000
-2144.000000
-1400.000000
-1527.000000
-751.000000
-918.000000
523.000000
1514.000000
3651.000000
5445.000000
7742.000000
9303.000000
9936.000000
10101.000000
8783.000000
6655.000000
3911.000000
813.000000
-1813.000000
-4176.000000
-5239.000000
-5916.000000
-5783.000000
-4929.000000
-4234.000000
-2935.000000
-2464.000000
-1559.000000
-1738.000000
-1826.000000
-2607.000000
-3688.000000
-4443.000000
-5746.000000
-6168.000000
-7106.000000
-5729.000000
-4619.000000
-2702.000000
416.000000
2381.000000
5357.000000
5523.000000
7780.000000
5955.000000
5978.000000
3428.000000
2448.000000
166.000000
-1125.000000
-1637.000000
-2703.000000
-2199.000000
-2618.000000
-1761.000000
-2244.000000
-1461.000000
-1599.000000
-935.000000
-821.000000
645.000000
1782.000000
3958.000000
5838.000000
8342.000000
9641.000000
10386.000000
10154.000000
8553.000000
6247.000000
3059.000000
59.000000
-2873.000000
-4945.000000
-5925.000000
-6342.000000
-5630.000000
-4830.000000
-3456.000000
-2526.000000
-1591.000000
-1085.000000
-1242.000000
-1636.000000
-2841.000000
-3712.000000
-4966.000000
-5877.000000
-6472.000000
-7043.000000
-5306.000000
-4714.000000
-1755.000000
243.000000
3064.000000
4539.000000
5392.000000
6559.000000
4853.000000
4914.000000
2230.000000
1843.000000
-898.000000
-1133.000000
-2277.000000
-2327.000000
-2365.000000
-2029.000000
-1962.000000
-1650.000000
-1612.000000
-1139.000000
-1015.000000
-216.000000
958.000000
2311.000000
4441.000000
6123.000000
8478.000000
9029.000000
9880.000000
8854.000000
7335.000000
4714.000000
1940.000000
-1029.000000
-3341.000000
-5152.000000
-5731.000000
-6030.000000
-5114.000000
-4378.000000
-3113.000000
-2336.000000
-1517.000000
-1359.000000
-1634.000000
-2183.000000
-3486.000000
-4451.000000
-5594.000000
-6442.000000
-7282.000000
-7112.000000
-5478.000000
-4596.000000
-1343.000000
672.000000
3631.000000
4525.000000
6154.000000
6291.000000
5089.000000
4505.000000
2158.000000
1511.000000
-1170.000000
-922.000000
-2430.000000
-1987.000000
-2299.000000
-1696.000000
-1768.000000
-1338.000000
-1283.000000
-786.000000
-836.000000
173.000000
849.000000
2733.000000
4487.000000
6709.000000
8566.000000
9493.000000
10011.000000
8768.000000
7230.000000
4164.000000
1281.000000
-1923.000000
-4118.000000
-5754.000000
-6088.000000
-5867.000000
-4713.000000
-3724.000000
-2268.000000
-1416.000000
-680.000000
-814.000000
-1161.000000
-2098.000000
-3462.000000
-4306.000000
-5727.000000
-6210.000000
-7284.000000
-6192.000000
-5118.000000
-3454.000000
-263.000000
1530.000000
4559.000000
4712.000000
7064.000000
5782.000000
5800.000000
3993.000000
2788.000000
1167.000000
-503.000000
-577.000000
-1801.000000
-1286.000000
-1693.000000
-1099.000000
-1350.000000
-1000.000000
-1033.000000
-777.000000
-798.000000
186.000000
743.000000
2892.000000
4268.000000
6882.000000
8137.000000
9570.000000
9601.000000
8710.000000
6958.000000
4209.000000
1307.000000
-1557.000000
-3698.000000
-5045.000000
-5475.000000
-4921.000000
-3966.000000
-2717.000000
-1500.000000
-649.000000
-201.000000
-578.000000
-924.000000
-2274.000000
-3280.000000
-4475.000000
-5521.000000
-6297.000000
-6902.000000
-5879.000000
-4756.000000
-3092.000000
-50.000000
1614.000000
4457.000000
4620.000000
6858.000000
5325.000000
5441.000000
3487.000000
2328.000000
708.000000
-888.000000
-921.000000
-2186.000000
-1515.000000
-2017.000000
-1297.000000
-1636.000000
-1076.000000
-1248.000000
-707.000000
-810.000000
338.000000
682.000000
2927.000000
4175.000000
6645.000000
7778.000000
9141.000000
9056.000000
8001.000000
6394.000000
3551.000000
977.000000
-1911.000000
-3626.000000
-5001.000000
-5148.000000
-4550.000000
-3567.000000
-2491.000000
-1379.000000
-724.000000
-465.000000
-927.000000
-1360.000000
-2904.000000
-3927.000000
-5157.000000
-6118.000000
-6806.000000
-7367.000000
-6219.000000
-5283.000000
-3420.000000
-699.000000
1165.000000
3781.000000
4122.000000
6266.000000
4845.000000
5149.000000
3219.000000
2422.000000
711.000000
-502.000000
-712.000000
-1798.000000
-1259.000000
-1724.000000
-1106.000000
-1539.000000
-1117.000000
-1186.000000
-792.000000
-644.000000
461.000000
1214.000000
3059.000000
4437.000000
6509.000000
7375.000000
8431.000000
8138.000000
7287.000000
5505.000000
3327.000000
726.000000
-1536.000000
-3237.000000
-4169.000000
-4435.000000
-3904.000000
-3054.000000
-2188.000000
-1259.000000
-647.000000
-448.000000
-742.000000
-1305.000000
-2363.000000
-3496.000000
-4509.000000
-5542.000000
-6295.000000
-7060.000000
-6375.000000
-5217.000000
-3830.000000
-795.000000
1087.000000
4069.000000
4486.000000
6827.000000
5775.000000
6038.000000
4291.000000
3477.000000
1736.000000
320.000000
-87.000000
-1211.000000
-932.000000
-1444.000000
-829.000000
-1374.000000
-837.000000
-1086.000000
-582.000000
-739.000000
319.000000
859.000000
2453.000000
3930.000000
5824.000000
6966.000000
7924.000000
8140.000000
7478.000000
5985.000000
4105.000000
1620.000000
-527.000000
-2447.000000
-3421.000000
-3984.000000
-3657.000000
-2982.000000
-2209.000000
-1240.000000
-623.000000
-217.000000
-569.000000
-1118.000000
-2235.000000
-3367.000000
-4348.000000
-5373.000000
-5934.000000
-6568.000000
-5997.000000
-4803.000000
-3313.000000
-682.000000
1219.000000
3733.000000
4288.000000
5978.000000
5273.000000
5203.000000
3668.000000
2785.000000
1199.000000
0.000000
-501.000000
-1319.000000
-1301.000000
-1699.000000
-1275.000000
-1719.000000
-1357.000000
-1515.000000
-1027.000000
-1002.000000
-6.000000
626.000000
1961.000000
3241.000000
4711.000000
5818.000000
6651.000000
7176.000000
6731.000000
5693.000000
4248.000000
2158.000000
346.000000
-1580.000000
-2482.000000
-3386.000000
-3254.000000
-2873.000000
-2209.000000
-1413.000000
-968.000000
-471.000000
-916.000000
-1415.000000
-2538.000000
-3549.000000
-4878.000000
-5848.000000
-6602.000000
-7239.000000
-7224.000000
-5724.000000
-4681.000000
-2052.000000
-122.000000
2747.000000
3621.000000
5376.000000
5590.000000
5325.000000
4535.000000
3241.000000
2293.000000
358.000000
85.000000
-1151.000000
-1152.000000
-1729.000000
-1322.000000
-1696.000000
-1458.000000
-1448.000000
-982.000000
-988.000000
-127.000000
399.000000
1384.000000
2642.000000
4010.000000
5444.000000
6223.000000
7328.000000
7036.000000
6594.000000
5305.000000
3540.000000
1660.000000
-526.000000
-1645.000000
-3010.000000
-3164.000000
-3028.000000
-2432.000000
-1641.000000
-1085.000000
-314.000000
-564.000000
-897.000000
-1861.000000
-2850.000000
-4101.000000
-5076.000000
-5819.000000
-6318.000000
-6667.000000
-5093.000000
-4164.000000
-1712.000000
286.000000
2827.000000
4126.000000
5214.000000
6098.000000
5332.000000
5114.000000
3511.000000
2938.000000
974.000000
627.000000
-402.000000
-587.000000
-1145.000000
-891.000000
-1245.000000
-1107.000000
-1170.000000
-841.000000
-799.000000
-372.000000
443.000000
1066.000000
2270.000000
3246.000000
4675.000000
5135.000000
6183.000000
6169.000000
5908.000000
4944.000000
3699.000000
2190.000000
384.000000
-782.000000
-1930.000000
-2450.000000
-2518.000000
-2153.000000
-1501.000000
-1009.000000
-445.000000
-493.000000
-966.000000
-1698.000000
-2664.000000
-3849.000000
-4792.000000
-5603.000000
-6040.000000
-6733.000000
-5371.000000
-4683.000000
-2625.000000
-731.000000
1746.000000
3318.000000
4323.000000
5523.000000
4866.000000
4725.000000
3135.000000
2631.000000
566.000000
18.000000
-1079.000000
-1344.000000
-1881.000000
-1654.000000
-1803.000000
-1795.000000
-1690.000000
-1422.000000
-1294.000000
-1035.000000
-266.000000
187.000000
1118.000000
2242.000000
3562.000000
4324.000000
5475.000000
5994.000000
5917.000000
5269.000000
4252.000000
2622.000000
811.000000
-636.000000
-1814.000000
-2715.000000
-2829.000000
-2636.000000
-2148.000000
-1716.000000
-1127.000000
-1061.000000
-1413.000000
-2056.000000
-2890.000000
-4005.000000
-4865.000000
-5668.000000
-6123.000000
-6656.000000
-5265.000000
-4440.000000
-2271.000000
-355.000000
2004.000000
3242.000000
4194.000000
5017.000000
4247.000000
3872.000000
2306.000000
1714.000000
-196.000000
-545.000000
-1526.000000
-1562.000000
-1858.000000
-1344.000000
-1340.000000
-1047.000000
-951.000000
-676.000000
-623.000000
-243.000000
403.000000
891.000000
1804.000000
2525.000000
3746.000000
4194.000000
5198.000000
5338.000000
5345.000000
4667.000000
3718.000000
2457.000000
932.000000
-237.000000
-1334.000000
-2052.000000
-2256.000000
-2184.000000
-1718.000000
-1419.000000
-970.000000
-970.000000
-1458.000000
-2016.000000
-2963.000000
-3809.000000
-4755.000000
-5293.000000
-5759.000000
-5733.000000
-4256.000000
-3297.000000
-826.000000
873.000000
3340.000000
4021.000000
5242.000000
5196.000000
4575.000000
3573.000000
2172.000000
1163.000000
-501.000000
-760.000000
-1591.000000
-1379.000000
-1569.000000
-945.000000
-1026.000000
-584.000000
-645.000000
-242.000000
-353.000000
179.000000
484.000000
1079.000000
1713.000000
2352.000000
3351.000000
3925.000000
4678.000000
4957.000000
4916.000000
4428.000000
3268.000000
2288.000000
592.000000
-482.000000
-1660.000000
-2145.000000
-2392.000000
-2377.000000
-1815.000000
-1597.000000
-1097.000000
-1126.000000
-1370.000000
-2125.000000
-2986.000000
-3999.000000
-4795.000000
-5646.000000
-5177.000000
-4126.000000
-2625.000000
-175.000000
1927.000000
4304.000000
4932.000000
6155.000000
5218.000000
4431.000000
2524.000000
1035.000000
-766.000000
-2140.000000
-2740.000000
-3089.000000
-2883.000000
-2290.000000
-1592.000000
-975.000000
-412.000000
-126.000000
179.000000
99.000000
687.000000
810.000000
1582.000000
2074.000000
2912.000000
3224.000000
3818.000000
4168.000000
4117.000000
3916.000000
3456.000000
2523.000000
1326.000000
275.000000
-823.000000
-1739.000000
-2266.000000
-2372.000000
-2280.000000
-1957.000000
-1363.000000
-1088.000000
-1067.000000
-1401.000000
-2030.000000
-3125.000000
-4019.000000
-5018.000000
-5073.000000
-4474.000000
-3104.000000
-903.000000
1309.000000
3747.000000
4877.000000
5984.000000
5366.000000
4522.000000
2437.000000
646.000000
-1539.000000
-3138.000000
-4145.000000
-4441.000000
-4154.000000
-3396.000000
-2427.000000
-1543.000000
-704.000000
-176.000000
371.000000
528.000000
1032.000000
1232.000000
1923.000000
2368.000000
3175.000000
3563.000000
3871.000000
3923.000000
3674.000000
3141.000000
2287.000000
1467.000000
344.000000
-647.000000
-1572.000000
-2250.000000
-2736.000000
-2824.000000
-2623.000000
-2240.000000
-1756.000000
-1266.000000
-1005.000000
-1035.000000
-1406.000000
-2309.000000
-3273.000000
-4512.000000
-4569.000000
-4561.000000
-3221.000000
-1514.000000
869.000000
2906.000000
4535.000000
5724.000000
5443.000000
4800.000000
3007.000000
1186.000000
-1239.000000
-2922.000000
-4248.000000
-4761.000000
-4613.000000
-3788.000000
-2888.000000
-1779.000000
-957.000000
-197.000000
103.000000
519.000000
801.000000
1108.000000
1662.000000
2211.000000
2999.000000
3418.000000
3915.000000
3703.000000
3270.000000
2449.000000
1483.000000
453.000000
-462.000000
-1135.000000
-1709.000000
-1939.000000
-1968.000000
-1763.000000
-1514.000000
-1164.000000
-825.000000
-570.000000
-411.000000
-299.000000
-304.000000
-506.000000
-901.000000
-1494.000000
-2305.000000
-2828.000000
-2969.000000
-2663.000000
-1853.000000
-504.000000
832.000000
2130.000000
3216.000000
3849.000000
3787.000000
3289.000000
2315.000000
997.000000
-338.000000
-1332.000000
-2096.000000
-2442.000000
-2335.000000
-2012.000000
-1606.000000
-1161.000000
-663.000000
-392.000000
-70.000000
291.000000
671.000000
1000.000000
1492.000000
1900.000000
2215.000000
2427.000000
2571.000000
2332.000000
1939.000000
1320.000000
611.000000
-130.000000
-682.000000
-1008.000000
-1149.000000
-975.000000
-705.000000
-215.000000
162.000000
601.000000
822.000000
912.000000
838.000000
648.000000
399.000000
53.000000
-262.000000
-697.000000
-1093.000000
-1495.000000
-1755.000000
-1922.000000
-1857.000000
-1574.000000
-1250.000000
-757.000000
-384.000000
54.000000
155.000000
384.000000
311.000000
302.000000
140.000000
103.000000
0.000000
-62.000000
-77.000000
-127.000000
-134.000000
-257.000000
-223.000000
-411.000000
-341.000000
-295.000000
-48.000000
207.000000
586.000000
857.000000
1037.000000
1189.000000
1133.000000
916.000000
588.000000
134.000000
-365.000000
-800.000000
-1041.000000
-1173.000000
-1088.000000
-876.000000
-634.000000
-294.000000
-55.000000
185.000000
226.000000
108.000000
-177.000000
-598.000000
-1125.000000
-1690.000000
-2221.000000
-2515.000000
-2599.000000
-2393.000000
-1766.000000
-962.000000
31.000000
930.000000
1863.000000
2382.000000
2642.000000
2458.000000
1883.000000
1083.000000
50.000000
-796.000000
-1565.000000
-2043.000000
-2273.000000
-2269.000000
-2039.000000
-1716.000000
-1347.000000
-1005.000000
-765.000000
-506.000000
-318.000000
41.000000
436.000000
994.000000
1582.000000
2071.000000
2495.000000
2671.000000
2605.000000
2319.000000
1723.000000
954.000000
-88.000000
-1088.000000
-1983.000000
-2703.000000
-2976.000000
-3079.000000
-2756.000000
-2376.000000
-1710.000000
-1054.000000
-370.000000
264.000000
728.000000
1097.000000
1275.000000
1460.000000
1505.000000
1538.000000
1571.000000
1463.000000
1388.000000
1075.000000
934.000000
639.000000
378.000000
127.000000
-162.000000
-486.000000
-923.000000
-1208.000000
-1571.000000
-1786.000000
-1928.000000
-2015.000000
-2077.000000
-1957.000000
-1710.000000
-1253.000000
-779.000000
-169.000000
301.000000
841.000000
1287.000000
1699.000000
1955.000000
2052.000000
2007.000000
1681.000000
1204.000000
681.000000
74.000000
-518.000000
-1071.000000
-1472.000000
-1905.000000
-2050.000000
-2070.000000
-1966.000000
-1687.000000
-1356.000000
-914.000000
-550.000000
-113.000000
282.000000
698.000000
978.000000
1158.000000
1229.000000
1163.000000
1070.000000
858.000000
580.000000
211.000000
-142.000000
-533.000000
-835.000000
-1024.000000
-1113.000000
-1096.000000
-992.000000
-790.000000
-672.000000
-491.000000
-410.000000
-286.000000
-241.000000
-144.000000
-79.000000
-14.000000
88.000000
213.000000
305.000000
382.000000
414.000000
326.000000
98.000000
-195.000000
-475.000000
-796.000000
-919.000000
-990.000000
-843.000000
-690.000000
-387.000000
-159.000000
0.000000
52.000000
12.000000
-209.000000
-487.000000
-761.000000
-901.000000
-924.000000
-729.000000
-429.000000
-93.000000
277.000000
581.000000
831.000000
849.000000
794.000000
467.000000
65.000000
-353.000000
-674.000000
-833.000000
-888.000000
-735.000000
-594.000000
-342.000000
-74.000000
174.000000
310.000000
316.000000
295.000000
174.000000
57.000000
5.000000
-46.000000
-73.000000
-77.000000
-33.000000
33.000000
119.000000
240.000000
217.000000
250.000000
161.000000
100.000000
-4.000000
-76.000000
-75.000000
-48.000000
77.000000
161.000000
258.000000
321.000000
335.000000
297.000000
133.000000
-41.000000
-218.000000
-419.000000
-511.000000
-610.000000
-560.000000
-550.000000
-422.000000
-333.000000
-310.000000
-271.000000
-370.000000
-352.000000
-438.000000
-374.000000
-388.000000
-341.000000
-264.000000
-123.000000
50.000000
161.000000
299.000000
326.000000
308.000000
287.000000
259.000000
218.000000
151.000000
137.000000
155.000000
55.000000
-3.000000
-186.000000
-312.000000
-535.000000
-616.000000
-687.000000
-712.000000
-617.000000
-506.000000
-287.000000
-77.000000
183.000000
298.000000
370.000000
382.000000
311.000000
234.000000
134.000000
6.000000
-137.000000
-254.000000
-350.000000
-450.000000
-529.000000
-630.000000
-743.000000
-795.000000
-876.000000
-857.000000
-888.000000
-824.000000
-711.000000
-515.000000
-282.000000
-74.000000
177.000000
286.000000
396.000000
394.000000
331.000000
138.000000
-52.000000
-257.000000
-410.000000
-409.000000
-340.000000
-212.000000
-80.000000
76.000000
196.000000
272.000000
248.000000
145.000000
-86.000000
-304.000000
-535.000000
-624.000000
-665.000000
-583.000000
-398.000000
