# Frecuencia de muestreo: 8000 Hz
2.000000
-10.000000
-23.000000
-21.000000
-13.000000
-9.000000
-13.000000
-24.000000
-32.000000
-31.000000
-24.000000
-20.000000
-25.000000
-35.000000
-35.000000
-29.000000
-26.000000
-32.000000
-41.000000
-51.000000
-51.000000
-46.000000
-43.000000
-46.000000
-46.000000
-49.000000
-46.000000
-32.000000
-24.000000
-24.000000
-27.000000
-27.000000
-37.000000
-49.000000
-52.000000
-48.000000
-42.000000
-39.000000
-39.000000
-40.000000
-46.000000
-45.000000
-37.000000
-36.000000
-39.000000
-31.000000
-28.000000
-29.000000
-17.000000
-10.000000
-15.000000
-29.000000
-36.000000
-36.000000
-28.000000
-7.000000
3.000000
-6.000000
-21.000000
-25.000000
-28.000000
-23.000000
-18.000000
-21.000000
-22.000000
-25.000000
-23.000000
-17.000000
-11.000000
-7.000000
-10.000000
-13.000000
-20.000000
-26.000000
-12.000000
5.000000
6.000000
0.000000
-3.000000
-2.000000
10.000000
20.000000
14.000000
1.000000
-3.000000
3.000000
6.000000
7.000000
2.000000
-6.000000
-9.000000
1.000000
14.000000
13.000000
6.000000
5.000000
0.000000
0.000000
0.000000
7.000000
8.000000
16.000000
19.000000
8.000000
2.000000
3.000000
5.000000
11.000000
9.000000
-4.000000
-2.000000
11.000000
26.000000
29.000000
22.000000
10.000000
13.000000
23.000000
35.000000
37.000000
25.000000
18.000000
21.000000
27.000000
32.000000
36.000000
40.000000
42.000000
37.000000
29.000000
18.000000
18.000000
25.000000
30.000000
34.000000
28.000000
18.000000
19.000000
26.000000
32.000000
25.000000
8.000000
-1.000000
3.000000
12.000000
12.000000
12.000000
4.000000
-2.000000
15.000000
28.000000
23.000000
15.000000
7.000000
1.000000
12.000000
38.000000
46.000000
33.000000
15.000000
10.000000
13.000000
24.000000
29.000000
23.000000
14.000000
-1.000000
-4.000000
1.000000
-1.000000
-7.000000
-7.000000
-3.000000
-6.000000
-7.000000
-5.000000
-8.000000
-16.000000
-18.000000
-25.000000
-31.000000
-26.000000
-7.000000
-1.000000
-14.000000
-23.000000
-24.000000
-21.000000
-13.000000
-10.000000
-16.000000
-17.000000
-11.000000
-8.000000
-7.000000
-7.000000
-5.000000
-8.000000
-14.000000
-17.000000
-11.000000
-2.000000
5.000000
10.000000
12.000000
7.000000
3.000000
9.000000
10.000000
0.000000
-7.000000
-5.000000
-8.000000
-11.000000
-10.000000
-20.000000
-37.000000
-40.000000
-27.000000
-25.000000
-30.000000
-28.000000
-33.000000
-43.000000
-42.000000
-38.000000
-32.000000
-36.000000
-39.000000
-30.000000
-23.000000
-20.000000
-11.000000
-4.000000
-8.000000
-13.000000
-20.000000
-28.000000
-31.000000
-20.000000
-9.000000
-5.000000
0.000000
1.000000
3.000000
1.000000
-4.000000
-3.000000
3.000000
2.000000
8.000000
19.000000
19.000000
13.000000
17.000000
14.000000
8.000000
-1.000000
0.000000
-2.000000
-3.000000
6.000000
10.000000
3.000000
4.000000
23.000000
33.000000
39.000000
43.000000
40.000000
41.000000
47.000000
50.000000
43.000000
38.000000
44.000000
47.000000
44.000000
46.000000
43.000000
48.000000
50.000000
47.000000
46.000000
47.000000
52.000000
63.000000
73.000000
66.000000
65.000000
61.000000
64.000000
59.000000
59.000000
65.000000
56.000000
63.000000
58.000000
39.000000
27.000000
19.000000
7.000000
31.000000
42.000000
45.000000
54.000000
47.000000
44.000000
59.000000
60.000000
68.000000
73.000000
62.000000
60.000000
59.000000
38.000000
36.000000
40.000000
39.000000
53.000000
63.000000
71.000000
69.000000
55.000000
34.000000
19.000000
24.000000
29.000000
30.000000
30.000000
30.000000
11.000000
6.000000
9.000000
7.000000
10.000000
17.000000
18.000000
15.000000
19.000000
19.000000
17.000000
15.000000
15.000000
12.000000
15.000000
17.000000
14.000000
11.000000
23.000000
-6.000000
-10.000000
-27.000000
-8.000000
-29.000000
22.000000
-14.000000
25.000000
-21.000000
46.000000
-16.000000
70.000000
-1.000000
192.000000
754.000000
770.000000
1564.000000
1247.000000
1322.000000
868.000000
487.000000
55.000000
150.000000
-51.000000
448.000000
870.000000
1192.000000
1939.000000
1843.000000
1930.000000
1306.000000
632.000000
-349.000000
-851.000000
-1577.000000
-1505.000000
-1742.000000
-1720.000000
-1904.000000
-2369.000000
-2992.000000
-3655.000000
-3965.000000
-3637.000000
-1858.000000
-394.000000
2102.000000
2736.000000
2884.000000
1427.000000
-311.000000
-2130.000000
-2879.000000
-2855.000000
-2050.000000
-712.000000
-92.000000
555.000000
406.000000
263.000000
425.000000
828.000000
1643.000000
2311.000000
2553.000000
1933.000000
850.000000
-836.000000
-2006.000000
-2648.000000
-2232.000000
-1151.000000
655.000000
2202.000000
2949.000000
4308.000000
3342.000000
3832.000000
2695.000000
2115.000000
1188.000000
616.000000
-374.000000
-273.000000
-490.000000
-360.000000
593.000000
249.000000
870.000000
178.000000
-569.000000
-1671.000000
-2751.000000
-4113.000000
-4571.000000
-4817.000000
-4572.000000
-2939.000000
-1345.000000
502.000000
2486.000000
2622.000000
2751.000000
1333.000000
-119.000000
-1692.000000
-2423.000000
-3067.000000
-2578.000000
-2060.000000
-1531.000000
-487.000000
-114.000000
779.000000
1507.000000
2194.000000
2776.000000
2940.000000
2456.000000
1548.000000
232.000000
-1133.000000
-2001.000000
-2217.000000
-1911.000000
-608.000000
172.000000
1913.000000
2362.000000
3399.000000
3977.000000
3975.000000
4154.000000
3252.000000
2313.000000
892.000000
102.000000
-915.000000
-158.000000
0.000000
1363.000000
1949.000000
2240.000000
1928.000000
1054.000000
-317.000000
-1737.000000
-3352.000000
-5284.000000
-6976.000000
-8919.000000
-9746.000000
-8260.000000
-4253.000000
87.000000
6493.000000
8208.000000
9402.000000
6104.000000
1722.000000
-3001.000000
-6112.000000
-7532.000000
-6601.000000
-4362.000000
-2974.000000
-458.000000
-290.000000
729.000000
1576.000000
2690.000000
4485.000000
5918.000000
6030.000000
4945.000000
1961.000000
-1740.000000
-5112.000000
-6776.000000
-6826.000000
-3934.000000
-1168.000000
2827.000000
4491.000000
6072.000000
5996.000000
5139.000000
4488.000000
2816.000000
1824.000000
324.000000
-322.000000
-1261.000000
-436.000000
-201.000000
1770.000000
2981.000000
3918.000000
4057.000000
2734.000000
900.000000
-1157.000000
-2938.000000
-4150.000000
-4867.000000
-6061.000000
-7510.000000
-8704.000000
-10276.000000
-6878.000000
-3462.000000
2510.000000
8861.000000
9705.000000
10531.000000
4938.000000
-109.000000
-6348.000000
-8662.000000
-10369.000000
-6947.000000
-4442.000000
-1379.000000
1448.000000
1306.000000
2228.000000
2355.000000
3012.000000
4734.000000
5799.000000
5800.000000
4419.000000
1205.000000
-2943.000000
-5848.000000
-7658.000000
-6667.000000
-3374.000000
144.000000
4604.000000
6818.000000
8607.000000
8037.000000
7298.000000
4722.000000
2851.000000
40.000000
-1576.000000
-2489.000000
-2338.000000
-780.000000
903.000000
3030.000000
3691.000000
3919.000000
2144.000000
584.000000
-2071.000000
-3322.000000
-5176.000000
-5798.000000
-7574.000000
-6911.000000
-10180.000000
-6619.000000
-4930.000000
-1170.000000
6561.000000
6721.000000
10382.000000
6352.000000
2849.000000
-3431.000000
-5664.000000
-9872.000000
-7010.000000
-5544.000000
-3133.000000
1012.000000
803.000000
2300.000000
2547.000000
2382.000000
3529.000000
4707.000000
4441.000000
4685.000000
2403.000000
-715.000000
-3076.000000
-5643.000000
-5736.000000
-3816.000000
-1379.000000
2422.000000
5450.000000
7053.000000
8190.000000
7427.000000
5486.000000
3563.000000
600.000000
-1215.000000
-1980.000000
-1954.000000
-413.000000
1434.000000
2737.000000
3716.000000
3084.000000
1649.000000
26.000000
-1923.000000
-3169.000000
-4089.000000
-5323.000000
-6343.000000
-8044.000000
-9277.000000
-10288.000000
-6309.000000
-3722.000000
3573.000000
7892.000000
9589.000000
9453.000000
4127.000000
-793.000000
-6280.000000
-8575.000000
-9622.000000
-5819.000000
-3985.000000
149.000000
1828.000000
2034.000000
2525.000000
2033.000000
2438.000000
3816.000000
4635.000000
4899.000000
4126.000000
1180.000000
-1805.000000
-4598.000000
-6211.000000
-5099.000000
-2691.000000
868.000000
4497.000000
7108.000000
8254.000000
8216.000000
6245.000000
3735.000000
1007.000000
-1408.000000
-2110.000000
-1901.000000
-474.000000
1390.000000
2890.000000
3587.000000
3207.000000
1834.000000
102.000000
-1467.000000
-2852.000000
-3354.000000
-4539.000000
-5201.000000
-7234.000000
-8312.000000
-10416.000000
-8350.000000
-4964.000000
-406.000000
6846.000000
8269.000000
10274.000000
6073.000000
1441.000000
-4562.000000
-7687.000000
-9639.000000
-7286.000000
-4163.000000
-1393.000000
2182.000000
1990.000000
2538.000000
1925.000000
1684.000000
2622.000000
3963.000000
4523.000000
4750.000000
2922.000000
-31.000000
-2610.000000
-5115.000000
-5197.000000
-3488.000000
-693.000000
2910.000000
5673.000000
7234.000000
7692.000000
6573.000000
4566.000000
2378.000000
82.000000
-1176.000000
-1356.000000
-798.000000
706.000000
2063.000000
2974.000000
3278.000000
2382.000000
1163.000000
-445.000000
-1756.000000
-2754.000000
-3291.000000
-4330.000000
-5101.000000
-7157.000000
-8261.000000
-10067.000000
-7809.000000
-4586.000000
103.000000
6528.000000
7756.000000
9336.000000
5084.000000
796.000000
-4677.000000
-7375.000000
-8874.000000
-6394.000000
-3598.000000
-826.000000
2245.000000
1964.000000
2508.000000
1727.000000
1518.000000
2490.000000
3584.000000
4381.000000
4626.000000
3053.000000
471.000000
-1914.000000
-4355.000000
-4513.000000
-3193.000000
-908.000000
2817.000000
5246.000000
7576.000000
7768.000000
6777.000000
4285.000000
1686.000000
-796.000000
-1798.000000
-1501.000000
-410.000000
1677.000000
2598.000000
3509.000000
2746.000000
1617.000000
149.000000
-1128.000000
-1816.000000
-2269.000000
-2504.000000
-3324.000000
-4402.000000
-6608.000000
-8141.000000
-9977.000000
-8513.000000
-4560.000000
-361.000000
6148.000000
7933.000000
8459.000000
5207.000000
63.000000
-4616.000000
-7465.000000
-8262.000000
-6142.000000
-2755.000000
-457.000000
2421.000000
2286.000000
1985.000000
1497.000000
811.000000
1725.000000
3026.000000
3962.000000
4601.000000
3476.000000
1161.000000
-1172.000000
-3505.000000
-4179.000000
-2986.000000
-886.000000
2336.000000
5199.000000
6728.000000
7243.000000
5945.000000
3624.000000
1460.000000
-580.000000
-1304.000000
-777.000000
114.000000
1589.000000
2486.000000
2589.000000
2161.000000
1075.000000
-39.000000
-741.000000
-1272.000000
-1573.000000
-1939.000000
-2822.000000
-4145.000000
-5752.000000
-7681.000000
-8624.000000
-8716.000000
-5376.000000
-2297.000000
2997.000000
5906.000000
6676.000000
5563.000000
1431.000000
-2007.000000
-5415.000000
-6338.000000
-6026.000000
-3375.000000
-1640.000000
825.000000
1641.000000
1536.000000
1652.000000
1079.000000
1630.000000
2577.000000
3466.000000
4089.000000
3710.000000
2088.000000
137.000000
-1881.000000
-3180.000000
-2858.000000
-1660.000000
417.000000
3221.000000
5046.000000
6526.000000
6504.000000
5042.000000
3238.000000
859.000000
-735.000000
-1260.000000
-887.000000
228.000000
1719.000000
2346.000000
2671.000000
2010.000000
824.000000
9.000000
-945.000000
-1251.000000
-1578.000000
-2052.000000
-3044.000000
-4286.000000
-6257.000000
-7431.000000
-8437.000000
-7592.000000
-4203.000000
-1291.000000
3696.000000
5429.000000
5989.000000
4167.000000
601.000000
-2651.000000
-5048.000000
-5786.000000
-5005.000000
-2692.000000
-1238.000000
1006.000000
1518.000000
1695.000000
1930.000000
1544.000000
2210.000000
2859.000000
3365.000000
3701.000000
3007.000000
1542.000000
-42.000000
-1649.000000
-2497.000000
-1956.000000
-909.000000
1168.000000
3326.000000
4759.000000
5736.000000
5380.000000
4104.000000
2538.000000
726.000000
-416.000000
-638.000000
-323.000000
663.000000
1633.000000
2044.000000
2140.000000
1534.000000
685.000000
117.000000
-508.000000
-703.000000
-1003.000000
-1627.000000
-2476.000000
-3901.000000
-5518.000000
-6998.000000
-7709.000000
-7440.000000
-4518.000000
-1739.000000
2309.000000
4645.000000
4916.000000
3990.000000
793.000000
-1882.000000
-4226.000000
-5022.000000
-4640.000000
-2925.000000
-1506.000000
240.000000
1247.000000
1497.000000
1993.000000
1871.000000
2195.000000
2726.000000
2876.000000
3106.000000
2582.000000
1568.000000
374.000000
-827.000000
-1660.000000
-1501.000000
-892.000000
545.000000
2359.000000
3589.000000
4853.000000
4813.000000
4154.000000
2911.000000
1202.000000
-71.000000
-753.000000
-733.000000
27.000000
1099.000000
1742.000000
2290.000000
1859.000000
1252.000000
517.000000
-203.000000
-539.000000
-908.000000
-1407.000000
-2226.000000
-3372.000000
-4794.000000
-6223.000000
-7065.000000
-7184.000000
-5300.000000
-2598.000000
590.000000
3630.000000
4287.000000
4055.000000
1699.000000
-972.000000
-3350.000000
-4726.000000
-4896.000000
-3749.000000
-2168.000000
-531.000000
1163.000000
1711.000000
2291.000000
2264.000000
2014.000000
2246.000000
2202.000000
2366.000000
2379.000000
1835.000000
1134.000000
216.000000
-716.000000
-1099.000000
-956.000000
-368.000000
1030.000000
2294.000000
3399.000000
4060.000000
3704.000000
3039.000000
1854.000000
709.000000
-1.000000
-245.000000
-22.000000
686.000000
1304.000000
1819.000000
2083.000000
1765.000000
1483.000000
902.000000
472.000000
117.000000
-408.000000
-1007.000000
-1878.000000
-2953.000000
-4079.000000
-5023.000000
-6065.000000
-6006.000000
-5572.000000
-3499.000000
-1096.000000
1451.000000
3248.000000
3368.000000
2366.000000
98.000000
-2158.000000
-4024.000000
-4594.000000
-4199.000000
-2669.000000
-934.000000
677.000000
1866.000000
2211.000000
2265.000000
1994.000000
1762.000000
1906.000000
2062.000000
2345.000000
2265.000000
1788.000000
947.000000
35.000000
-701.000000
-909.000000
-541.000000
178.000000
1312.000000
2257.000000
2943.000000
3161.000000
2631.000000
1890.000000
913.000000
202.000000
-39.000000
76.000000
556.000000
1162.000000
1682.000000
2031.000000
2147.000000
1874.000000
1495.000000
936.000000
476.000000
160.000000
-192.000000
-525.000000
-1142.000000
-1896.000000
-2961.000000
-3886.000000
-5103.000000
-5524.000000
-5424.000000
-4457.000000
-2191.000000
-400.000000
1698.000000
2198.000000
1761.000000
352.000000
-1538.000000
-3074.000000
-3819.000000
-3605.000000
-2781.000000
-1224.000000
-132.000000
1051.000000
1637.000000
1794.000000
2009.000000
1857.000000
2017.000000
2141.000000
2191.000000
2101.000000
1748.000000
1109.000000
476.000000
-103.000000
-484.000000
-321.000000
-14.000000
655.000000
1395.000000
1776.000000
2080.000000
1791.000000
1295.000000
721.000000
139.000000
35.000000
181.000000
672.000000
1223.000000
1727.000000
1906.000000
1998.000000
1802.000000
1564.000000
1328.000000
946.000000
787.000000
550.000000
367.000000
70.000000
-469.000000
-1223.000000
-2047.000000
-2987.000000
-3638.000000
-4407.000000
-4706.000000
-4549.000000
-3936.000000
-2398.000000
-1037.000000
448.000000
1011.000000
818.000000
-71.000000
-1352.000000
-2507.000000
-3142.000000
-3082.000000
-2402.000000
-1114.000000
111.000000
1373.000000
2147.000000
2401.000000
2413.000000
2038.000000
1766.000000
1636.000000
1545.000000
1597.000000
1497.000000
1256.000000
905.000000
460.000000
109.000000
9.000000
62.000000
414.000000
982.000000
1330.000000
1636.000000
1434.000000
997.000000
466.000000
-19.000000
-68.000000
163.000000
718.000000
1355.000000
1924.000000
2195.000000
2267.000000
2038.000000
1717.000000
1375.000000
913.000000
678.000000
429.000000
354.000000
261.000000
-37.000000
-540.000000
-1342.000000
-2262.000000
-3160.000000
-4008.000000
-4535.000000
-4573.000000
-4109.000000
-3013.000000
-1691.000000
-504.000000
239.000000
293.000000
-264.000000
-1063.000000
-1963.000000
-2382.000000
-2352.000000
-1827.000000
-883.000000
59.000000
975.000000
1617.000000
1946.000000
2043.000000
2002.000000
1904.000000
1897.000000
1888.000000
1805.000000
1626.000000
1232.000000
807.000000
375.000000
77.000000
50.000000
215.000000
584.000000
917.000000
1179.000000
1127.000000
920.000000
539.000000
168.000000
-2.000000
-43.000000
291.000000
719.000000
1235.000000
1670.000000
1866.000000
1903.000000
1749.000000
1554.000000
1325.000000
1136.000000
893.000000
767.000000
630.000000
474.000000
244.000000
-253.000000
-892.000000
-1698.000000
-2507.000000
-3209.000000
-3854.000000
-4258.000000
-4273.000000
-3967.000000
-3083.000000
-2034.000000
-937.000000
-163.000000
59.000000
-178.000000
-805.000000
-1508.000000
-2014.000000
-2133.000000
-1840.000000
-1038.000000
-90.000000
975.000000
1868.000000
2356.000000
2550.000000
2363.000000
2024.000000
1682.000000
1382.000000
1248.000000
1144.000000
1036.000000
890.000000
644.000000
380.000000
220.000000
191.000000
280.000000
500.000000
649.000000
763.000000
709.000000
530.000000
303.000000
46.000000
-58.000000
43.000000
371.000000
879.000000
1457.000000
1881.000000
2134.000000
2094.000000
1886.000000
1613.000000
1283.000000
1020.000000
786.000000
647.000000
534.000000
370.000000
29.000000
-512.000000
-1295.000000
-2062.000000
-2816.000000
-3343.000000
-3741.000000
-3893.000000
-3726.000000
-3361.000000
-2551.000000
-1905.000000
-1105.000000
-812.000000
-691.000000
-890.000000
-1267.000000
-1468.000000
-1663.000000
-1432.000000
-1030.000000
-269.000000
619.000000
1495.000000
2219.000000
2550.000000
2580.000000
2279.000000
1922.000000
1501.000000
1198.000000
999.000000
876.000000
866.000000
791.000000
746.000000
705.000000
617.000000
562.000000
505.000000
419.000000
384.000000
298.000000
242.000000
120.000000
10.000000
-30.000000
29.000000
310.000000
739.000000
1227.000000
1639.000000
1890.000000
1971.000000
1907.000000
1770.000000
1560.000000
1287.000000
939.000000
645.000000
406.000000
245.000000
85.000000
-229.000000
-622.000000
-1191.000000
-1704.000000
-2215.000000
-2682.000000
-3137.000000
-3542.000000
-3678.000000
-3600.000000
-3061.000000
-2486.000000
-1794.000000
-1367.000000
-1146.000000
-1076.000000
-1207.000000
-1153.000000
-1135.000000
-869.000000
-438.000000
124.000000
836.000000
1436.000000
1927.000000
2113.000000
2114.000000
1900.000000
1681.000000
1465.000000
1320.000000
1281.000000
1209.000000
1209.000000
1118.000000
1005.000000
850.000000
621.000000
407.000000
183.000000
9.000000
-25.000000
-57.000000
21.000000
54.000000
110.000000
201.000000
340.000000
557.000000
798.000000
1061.000000
1288.000000
1464.000000
1554.000000
1579.000000
1498.000000
1390.000000
1228.000000
984.000000
772.000000
600.000000
496.000000
428.000000
191.000000
-194.000000
-805.000000
-1416.000000
-1976.000000
-2478.000000
-2863.000000
-3286.000000
-3547.000000
-3583.000000
-3297.000000
-2808.000000
-2248.000000
-1823.000000
-1581.000000
-1431.000000
-1324.000000
-1178.000000
-1097.000000
-907.000000
-708.000000
-348.000000
206.000000
772.000000
1360.000000
1733.000000
1952.000000
1956.000000
1892.000000
1780.000000
1664.000000
1554.000000
1392.000000
1264.000000
1091.000000
973.000000
826.000000
684.000000
524.000000
372.000000
293.000000
223.000000
224.000000
199.000000
167.000000
132.000000
108.000000
173.000000
301.000000
528.000000
763.000000
994.000000
1194.000000
1348.000000
1460.000000
1505.000000
1486.000000
1382.000000
1223.000000
986.000000
739.000000
561.000000
410.000000
316.000000
100.000000
-246.000000
-716.000000
-1248.000000
-1682.000000
-2132.000000
-2466.000000
-2752.000000
-2971.000000
-3081.000000
-3030.000000
-2815.000000
-2526.000000
-2212.000000
-1989.000000
-1764.000000
-1589.000000
-1300.000000
-1059.000000
-823.000000
-599.000000
-361.000000
40.000000
494.000000
987.000000
1391.000000
1640.000000
1784.000000
1783.000000
1769.000000
1691.000000
1570.000000
1436.000000
1267.000000
1155.000000
1051.000000
995.000000
892.000000
756.000000
563.000000
407.000000
310.000000
251.000000
250.000000
237.000000
235.000000
228.000000
269.000000
379.000000
503.000000
639.000000
745.000000
842.000000
968.000000
1112.000000
1279.000000
1346.000000
1335.000000
1257.000000
1109.000000
930.000000
714.000000
527.000000
326.000000
152.000000
-111.000000
-439.000000
-848.000000
-1250.000000
-1589.000000
-1901.000000
-2067.000000
-2212.000000
-2269.000000
-2342.000000
-2482.000000
-2638.000000
-2700.000000
-2648.000000
-2443.000000
-2108.000000
-1754.000000
-1359.000000
-1028.000000
-730.000000
-591.000000
-473.000000
-356.000000
-128.000000
213.000000
617.000000
1021.000000
1357.000000
1526.000000
1557.000000
1435.000000
1210.000000
1027.000000
866.000000
848.000000
906.000000
1030.000000
1134.000000
1139.000000
1047.000000
850.000000
611.000000
380.000000
207.000000
121.000000
160.000000
269.000000
425.000000
586.000000
698.000000
792.000000
846.000000
892.000000
950.000000
1011.000000
1101.000000
1141.000000
1152.000000
1099.000000
956.000000
765.000000
523.000000
319.000000
179.000000
150.000000
126.000000
36.000000
-180.000000
-506.000000
-895.000000
-1263.000000
-1589.000000
-1857.000000
-1983.000000
-2067.000000
-2048.000000
-2050.000000
-2021.000000
-2065.000000
-2118.000000
-2175.000000
-2201.000000
-2018.000000
-1753.000000
-1395.000000
-1098.000000
-887.000000
-691.000000
-564.000000
-365.000000
-240.000000
-71.000000
116.000000
350.000000
618.000000
840.000000
999.000000
1051.000000
981.000000
915.000000
871.000000
877.000000
929.000000
975.000000
984.000000
966.000000
938.000000
882.000000
807.000000
687.000000
620.000000
573.000000
607.000000
674.000000
733.000000
788.000000
798.000000
777.000000
767.000000
757.000000
769.000000
800.000000
820.000000
845.000000
857.000000
863.000000
846.000000
798.000000
701.000000
549.000000
372.000000
212.000000
111.000000
68.000000
-8.000000
-190.000000
-427.000000
-680.000000
-879.000000
-1034.000000
-1158.000000
-1257.000000
-1316.000000
-1299.000000
-1314.000000
-1322.000000
-1440.000000
-1565.000000
-1652.000000
-1659.000000
-1564.000000
-1480.000000
-1360.000000
-1301.000000
-1176.000000
-1033.000000
-834.000000
-713.000000
-612.000000
-547.000000
-472.000000
-355.000000
-244.000000
-98.000000
9.000000
170.000000
342.000000
503.000000
626.000000
698.000000
709.000000
691.000000
634.000000
637.000000
643.000000
705.000000
763.000000
856.000000
937.000000
982.000000
972.000000
906.000000
804.000000
717.000000
688.000000
688.000000
723.000000
736.000000
753.000000
754.000000
737.000000
727.000000
702.000000
645.000000
599.000000
552.000000
527.000000
499.000000
462.000000
405.000000
307.000000
206.000000
122.000000
57.000000
23.000000
10.000000
-25.000000
-111.000000
-247.000000
-391.000000
-521.000000
-650.000000
-747.000000
-812.000000
-848.000000
-843.000000
-850.000000
-878.000000
-957.000000
-1014.000000
-1070.000000
-1120.000000
-1084.000000
-1098.000000
-1003.000000
-1014.000000
-888.000000
-715.000000
-541.000000
-354.000000
-364.000000
-348.000000
-399.000000
-329.000000
-243.000000
-150.000000
-18.000000
128.000000
316.000000
483.000000
551.000000
511.000000
399.000000
268.000000
224.000000
244.000000
341.000000
445.000000
487.000000
543.000000
566.000000
541.000000
479.000000
350.000000
258.000000
242.000000
303.000000
406.000000
461.000000
478.000000
476.000000
463.000000
466.000000
470.000000
463.000000
478.000000
502.000000
550.000000
610.000000
599.000000
562.000000
483.000000
402.000000
358.000000
321.000000
285.000000
234.000000
173.000000
133.000000
101.000000
59.000000
-5.000000
-101.000000
-190.000000
-264.000000
-325.000000
-371.000000
-402.000000
-410.000000
-412.000000
-393.000000
-389.000000
-402.000000
-440.000000
-476.000000
-527.000000
-569.000000
-585.000000
-572.000000
-533.000000
-495.000000
-439.000000
-410.000000
-401.000000
-412.000000
-430.000000
-463.000000
-471.000000
-513.000000
-453.000000
-393.000000
-315.000000
-213.000000
-191.000000
-163.000000
-175.000000
-158.000000
-140.000000
-130.000000
-94.000000
-46.000000
31.000000
123.000000
209.000000
252.000000
230.000000
165.000000
108.000000
97.000000
152.000000
223.000000
291.000000
344.000000
361.000000
364.000000
342.000000
292.000000
224.000000
182.000000
176.000000
229.000000
291.000000
339.000000
354.000000
322.000000
287.000000
242.000000
202.000000
190.000000
179.000000
183.000000
212.000000
222.000000
230.000000
199.000000
150.000000
94.000000
37.000000
27.000000
39.000000
50.000000
51.000000
32.000000
4.000000
-40.000000
-84.000000
-141.000000
-188.000000
-205.000000
-205.000000
-201.000000
-215.000000
-236.000000
-282.000000
-324.000000
-356.000000
-382.000000
-384.000000
-375.000000
-342.000000
-318.000000
-324.000000
-352.000000
-375.000000
-373.000000
-358.000000
-323.000000
-306.000000
-289.000000
-250.000000
-206.000000
-164.000000
-129.000000
-120.000000
-112.000000
-87.000000
-62.000000
-36.000000
-16.000000
24.000000
26.000000
36.000000
46.000000
47.000000
49.000000
45.000000
55.000000
46.000000
46.000000
51.000000
56.000000
42.000000
25.000000
17.000000
20.000000
35.000000
40.000000
46.000000
44.000000
31.000000
45.000000
57.000000
70.000000
88.000000
112.000000
146.000000
177.000000
200.000000
193.000000
175.000000
164.000000
149.000000
129.000000
109.000000
82.000000
73.000000
93.000000
122.000000
141.000000
132.000000
112.000000
77.000000
25.000000
-28.000000
-74.000000
-103.000000
-102.000000
-80.000000
-79.000000
-94.000000
-90.000000
-86.000000
-86.000000
-81.000000
-91.000000
-114.000000
-143.000000
-163.000000
-187.000000
-185.000000
-155.000000
-130.000000
-98.000000
-63.000000
-57.000000
-75.000000
-100.000000
-125.000000
-128.000000
-119.000000
-106.000000
-95.000000
-61.000000
-25.000000
-1.000000
7.000000
-9.000000
-25.000000
-36.000000
-24.000000
-9.000000
19.000000
43.000000
43.000000
28.000000
8.000000
-27.000000
-59.000000
-77.000000
-85.000000
-72.000000
-40.000000
-15.000000
-9.000000
-9.000000
-22.000000
-26.000000
-29.000000
-28.000000
-22.000000
-39.000000
-34.000000
-20.000000
-17.000000
-17.000000
-27.000000
-35.000000
-16.000000
21.000000
48.000000
44.000000
28.000000
-5.000000
-45.000000
-53.000000
-50.000000
-53.000000
-63.000000
-59.000000
-51.000000
-25.000000
17.000000
40.000000
41.000000
22.000000
6.000000
-11.000000
-40.000000
-53.000000
-63.000000
-47.000000
-12.000000
19.000000
40.000000
28.000000
7.000000
-15.000000
-36.000000
-37.000000
-54.000000
-83.000000
-103.000000
-114.000000
-114.000000
-106.000000
-111.000000
-136.000000
-148.000000
-153.000000
-165.000000
-173.000000
-176.000000
-177.000000
-160.000000
-134.000000
-108.000000
-114.000000
-138.000000
-170.000000
-192.000000
-200.000000
-204.000000
-192.000000
-171.000000
-150.000000
-135.000000
-135.000000
-154.000000
-177.000000
-207.000000
-228.000000
-235.000000
-233.000000
-224.000000
-211.000000
-208.000000
-219.000000
-226.000000
-234.000000
-238.000000
-220.000000
-194.000000
-179.000000
-172.000000
-179.000000
-187.000000
-186.000000
-161.000000
-146.000000
-140.000000
-132.000000
-130.000000
-139.000000
-149.000000
-148.000000
-146.000000
-142.000000
-133.000000
-131.000000
-134.000000
-155.000000
-195.000000
-234.000000
-245.000000
-229.000000
-197.000000
-166.000000
-163.000000
-171.000000
-177.000000
-169.000000
-165.000000
-178.000000
-200.000000
-218.000000
-211.000000
-175.000000
-149.000000
-139.000000
-134.000000
-123.000000
-91.000000
-72.000000
-65.000000
-74.000000
-82.000000
-76.000000
-56.000000
-43.000000
-52.000000
-70.000000
-94.000000
-103.000000
-111.000000
-112.000000
-99.000000
-89.000000
-62.000000
-30.000000
-25.000000
-44.000000
-76.000000
-100.000000
-107.000000
-94.000000
-73.000000
-68.000000
-68.000000
-65.000000
-66.000000
-71.000000
-80.000000
-95.000000
-96.000000
-92.000000
-83.000000
-66.000000
-59.000000
-54.000000
-33.000000
-6.000000
4.000000
2.000000
-7.000000
-12.000000
-10.000000
23.000000
73.000000
114.000000
150.000000
173.000000
186.000000
202.000000
219.000000
241.000000
277.000000
315.000000
348.000000
389.000000
416.000000
409.000000
402.000000
400.000000
395.000000
398.000000
408.000000
409.000000
394.000000
379.000000
350.000000
307.000000
269.000000
234.000000
206.000000
180.000000
159.000000
130.000000
98.000000
61.000000
16.000000
-13.000000
-22.000000
-26.000000
-11.000000
-3.000000
-6.000000
-8.000000
-26.000000
-44.000000
-51.000000
-39.000000
1.000000
43.000000
80.000000
114.000000
130.000000
135.000000
133.000000
122.000000
111.000000
109.000000
100.000000
90.000000
67.000000
38.000000
8.000000
-31.000000
-66.000000
-94.000000
-117.000000
-128.000000
-137.000000
-155.000000
-184.000000
-230.000000
-274.000000
-312.000000
-343.000000
-362.000000
-380.000000
-382.000000
-368.000000
-352.000000
-341.000000
-333.000000
-337.000000
-330.000000
-319.000000
-317.000000
-304.000000
-283.000000
-267.000000
-246.000000
-213.000000
-186.000000
-163.000000
-135.000000
-112.000000
-95.000000
-73.000000
-57.000000
-43.000000
-40.000000
-30.000000
-9.000000
8.000000
17.000000
19.000000
27.000000
36.000000
34.000000
29.000000
19.000000
3.000000
