# Frecuencia de muestreo: 8000 Hz
-14.000000
-15.000000
-15.000000
-15.000000
-13.000000
-23.000000
-35.000000
-32.000000
-30.000000
-36.000000
-47.000000
-52.000000
-55.000000
-57.000000
-55.000000
-54.000000
-56.000000
-59.000000
-65.000000
-69.000000
-71.000000
-64.000000
-50.000000
-45.000000
-49.000000
-53.000000
-57.000000
-60.000000
-62.000000
-57.000000
-47.000000
-38.000000
-27.000000
-21.000000
-26.000000
-31.000000
-20.000000
-1.000000
10.000000
5.000000
-11.000000
-23.000000
-23.000000
-18.000000
-17.000000
-21.000000
-26.000000
-31.000000
-31.000000
-27.000000
-27.000000
-40.000000
-46.000000
-47.000000
-53.000000
-54.000000
-40.000000
-29.000000
-31.000000
-30.000000
-27.000000
-27.000000
-27.000000
-30.000000
-36.000000
-35.000000
-29.000000
-19.000000
-10.000000
0.000000
5.000000
2.000000
0.000000
10.000000
24.000000
33.000000
30.000000
26.000000
25.000000
26.000000
22.000000
17.000000
14.000000
13.000000
18.000000
23.000000
15.000000
1.000000
-12.000000
-20.000000
-25.000000
-25.000000
-21.000000
-30.000000
-42.000000
-45.000000
-38.000000
-32.000000
-34.000000
-44.000000
-52.000000
-56.000000
-50.000000
-34.000000
-23.000000
-22.000000
-27.000000
-31.000000
-30.000000
-21.000000
-18.000000
-17.000000
-8.000000
6.000000
6.000000
-1.000000
-9.000000
-9.000000
7.000000
16.000000
15.000000
-1.000000
-15.000000
-10.000000
-2.000000
-1.000000
-12.000000
-28.000000
-42.000000
-46.000000
-45.000000
-44.000000
-45.000000
-57.000000
-70.000000
-74.000000
-74.000000
-69.000000
-65.000000
-68.000000
-74.000000
-76.000000
-86.000000
-87.000000
-78.000000
-70.000000
-65.000000
-59.000000
-59.000000
-59.000000
-61.000000
-51.000000
-51.000000
-44.000000
-55.000000
-29.000000
-35.000000
-6.000000
-32.000000
-18.000000
-48.000000
-25.000000
-30.000000
-28.000000
-13.000000
-50.000000
61.000000
-39.000000
201.000000
-51.000000
521.000000
72.000000
3427.000000
2806.000000
2933.000000
282.000000
-1858.000000
-1391.000000
-284.000000
1337.000000
3694.000000
3160.000000
2048.000000
1364.000000
-581.000000
190.000000
-1487.000000
-1523.000000
-1043.000000
-341.000000
145.000000
1165.000000
-618.000000
-748.000000
-2447.000000
-2449.000000
-2176.000000
-2743.000000
-3215.000000
-3264.000000
-3127.000000
-1428.000000
-217.000000
313.000000
20.000000
-1133.000000
-1385.000000
-1237.000000
-865.000000
-214.000000
508.000000
916.000000
2015.000000
2097.000000
2255.000000
1254.000000
557.000000
345.000000
1087.000000
1487.000000
2298.000000
1865.000000
2343.000000
3976.000000
3879.000000
3578.000000
786.000000
-831.000000
-809.000000
435.000000
1327.000000
2208.000000
698.000000
96.000000
-962.000000
-1615.000000
-2354.000000
-3978.000000
-4923.000000
-4397.000000
-3936.000000
-3067.000000
-3255.000000
-3526.000000
-2905.000000
-2135.000000
-1032.000000
-865.000000
-1941.000000
-2569.000000
-2200.000000
-1083.000000
674.000000
1041.000000
1014.000000
751.000000
773.000000
1278.000000
1639.000000
1090.000000
1231.000000
879.000000
2125.000000
2676.000000
2740.000000
1903.000000
1193.000000
1328.000000
2033.000000
2953.000000
2990.000000
2868.000000
1922.000000
2301.000000
2187.000000
2688.000000
2077.000000
1842.000000
1511.000000
1503.000000
850.000000
711.000000
-5.000000
-319.000000
-1022.000000
-1840.000000
-2627.000000
-3661.000000
-4622.000000
-5028.000000
-5379.000000
-5554.000000
-6130.000000
-5045.000000
-3903.000000
-1618.000000
198.000000
-722.000000
-1718.000000
-3990.000000
-3885.000000
-2132.000000
-177.000000
1532.000000
2288.000000
2345.000000
2641.000000
2933.000000
2369.000000
1527.000000
416.000000
534.000000
2206.000000
3252.000000
3865.000000
3316.000000
1986.000000
1651.000000
1547.000000
1798.000000
1903.000000
1577.000000
2504.000000
3776.000000
4069.000000
3663.000000
1995.000000
785.000000
674.000000
907.000000
1692.000000
2452.000000
2283.000000
1807.000000
689.000000
-1082.000000
-2512.000000
-4005.000000
-4701.000000
-4242.000000
-5551.000000
-5863.000000
-7269.000000
-7945.000000
-6859.000000
-4127.000000
254.000000
2035.000000
-603.000000
-4408.000000
-7310.000000
-6213.000000
-2689.000000
839.000000
2881.000000
3202.000000
2429.000000
3171.000000
3509.000000
2801.000000
1035.000000
-514.000000
-175.000000
2400.000000
4445.000000
5556.000000
4014.000000
1811.000000
1052.000000
1478.000000
2690.000000
2876.000000
2754.000000
2797.000000
3599.000000
4170.000000
4299.000000
2474.000000
1303.000000
981.000000
2258.000000
2859.000000
2780.000000
2388.000000
2301.000000
1931.000000
654.000000
-1539.000000
-4298.000000
-5756.000000
-6604.000000
-6504.000000
-6985.000000
-7612.000000
-8651.000000
-9112.000000
-7894.000000
-4603.000000
530.000000
666.000000
-1563.000000
-6091.000000
-7930.000000
-5608.000000
-1492.000000
2367.000000
4393.000000
3798.000000
3409.000000
4047.000000
3922.000000
3242.000000
816.000000
-250.000000
590.000000
2423.000000
4487.000000
5459.000000
3864.000000
2231.000000
832.000000
618.000000
1575.000000
2429.000000
3176.000000
3746.000000
3608.000000
3934.000000
3593.000000
2579.000000
1840.000000
2022.000000
3140.000000
4495.000000
4124.000000
3929.000000
3381.000000
2828.000000
1771.000000
-137.000000
-2208.000000
-4106.000000
-5221.000000
-5665.000000
-6390.000000
-8270.000000
-10030.000000
-12104.000000
-11149.000000
-8588.000000
-4290.000000
1307.000000
530.000000
-2212.000000
-6966.000000
-8619.000000
-5819.000000
-1479.000000
2054.000000
4763.000000
4599.000000
4923.000000
5488.000000
4402.000000
3024.000000
329.000000
-399.000000
1253.000000
3010.000000
4369.000000
5156.000000
3864.000000
2713.000000
1277.000000
219.000000
211.000000
983.000000
3040.000000
4843.000000
5026.000000
4207.000000
3044.000000
1856.000000
1764.000000
2229.000000
3641.000000
5114.000000
6143.000000
6102.000000
4488.000000
2659.000000
1220.000000
692.000000
110.000000
-1319.000000
-3280.000000
-4886.000000
-6074.000000
-7449.000000
-9360.000000
-11662.000000
-13614.000000
-13733.000000
-10934.000000
-7170.000000
122.000000
1837.000000
-41.000000
-4899.000000
-9002.000000
-7559.000000
-3414.000000
1053.000000
4883.000000
5748.000000
5647.000000
6393.000000
5056.000000
3781.000000
784.000000
-754.000000
498.000000
2687.000000
3961.000000
4325.000000
1795.000000
2768.000000
2728.000000
2573.000000
1022.000000
-1307.000000
-246.000000
3192.000000
5550.000000
6666.000000
4491.000000
2052.000000
1871.000000
2571.000000
4557.000000
5117.000000
5069.000000
5856.000000
6182.000000
5641.000000
4578.000000
1430.000000
-836.000000
-2240.000000
-2069.000000
-1546.000000
-3392.000000
-6419.000000
-9200.000000
-11028.000000
-12155.000000
-13090.000000
-14774.000000
-12907.000000
-10654.000000
-2648.000000
3579.000000
2661.000000
-1765.000000
-8461.000000
-9116.000000
-4935.000000
594.000000
4460.000000
6478.000000
5200.000000
6839.000000
6265.000000
5182.000000
1805.000000
-1249.000000
-1236.000000
2178.000000
3925.000000
5218.000000
2394.000000
1372.000000
2045.000000
2171.000000
1552.000000
-541.000000
-454.000000
2601.000000
5651.000000
6480.000000
5451.000000
2303.000000
1793.000000
2629.000000
4881.000000
6063.000000
6214.000000
6356.000000
6984.000000
5708.000000
4370.000000
1929.000000
650.000000
-432.000000
-427.000000
-1382.000000
-2683.000000
-5606.000000
-7408.000000
-9137.000000
-10191.000000
-11597.000000
-12907.000000
-14850.000000
-14851.000000
-12448.000000
-6125.000000
2945.000000
4339.000000
2131.000000
-5398.000000
-8739.000000
-7258.000000
-1511.000000
3249.000000
6580.000000
5701.000000
6546.000000
6397.000000
5552.000000
2808.000000
-809.000000
-1987.000000
607.000000
3401.000000
5142.000000
3399.000000
441.000000
501.000000
1823.000000
2724.000000
1238.000000
-194.000000
1126.000000
4333.000000
6481.000000
6641.000000
3969.000000
2013.000000
2199.000000
4524.000000
6507.000000
6848.000000
6173.000000
6260.000000
5754.000000
4913.000000
3185.000000
1328.000000
-321.000000
-1489.000000
-1934.000000
-1634.000000
-3482.000000
-6112.000000
-8483.000000
-10508.000000
-11046.000000
-11542.000000
-12748.000000
-14093.000000
-14255.000000
-12672.000000
-4134.000000
3632.000000
5609.000000
1418.000000
-6200.000000
-8747.000000
-5641.000000
-455.000000
4412.000000
5668.000000
5000.000000
6138.000000
6267.000000
5513.000000
2056.000000
-2162.000000
-2035.000000
882.000000
4193.000000
4992.000000
3855.000000
1687.000000
608.000000
299.000000
315.000000
-189.000000
358.000000
2692.000000
5627.000000
7626.000000
6615.000000
4272.000000
1695.000000
1630.000000
3263.000000
5541.000000
6971.000000
7730.000000
6961.000000
5565.000000
2932.000000
1349.000000
681.000000
581.000000
-603.000000
-1756.000000
-2522.000000
-2969.000000
-5424.000000
-7576.000000
-9853.000000
-11197.000000
-11322.000000
-11382.000000
-12428.000000
-12724.000000
-12532.000000
-7520.000000
1377.000000
5216.000000
4097.000000
-3185.000000
-7993.000000
-7367.000000
-2595.000000
2786.000000
6123.000000
5329.000000
5444.000000
5434.000000
4885.000000
2803.000000
-811.000000
-2207.000000
-144.000000
2786.000000
4632.000000
3497.000000
1881.000000
773.000000
1367.000000
1507.000000
810.000000
412.000000
2151.000000
4611.000000
6650.000000
6381.000000
4778.000000
2919.000000
2489.000000
3713.000000
5077.000000
5936.000000
6678.000000
6951.000000
6213.000000
4023.000000
964.000000
91.000000
642.000000
1596.000000
528.000000
-1553.000000
-3379.000000
-4594.000000
-5811.000000
-7275.000000
-9084.000000
-10081.000000
-9738.000000
-9616.000000
-10372.000000
-12042.000000
-11920.000000
-8188.000000
308.000000
5151.000000
4562.000000
-1358.000000
-6509.000000
-6768.000000
-2594.000000
1919.000000
4434.000000
4340.000000
4190.000000
5151.000000
4665.000000
3017.000000
-357.000000
-2067.000000
-430.000000
2462.000000
4193.000000
3962.000000
2947.000000
1775.000000
1561.000000
1110.000000
909.000000
974.000000
2542.000000
4850.000000
6333.000000
6175.000000
4742.000000
3274.000000
2714.000000
3225.000000
3928.000000
4974.000000
5680.000000
6013.000000
5143.000000
3248.000000
1031.000000
686.000000
1151.000000
1487.000000
-95.000000
-2319.000000
-3447.000000
-3950.000000
-4634.000000
-6301.000000
-8187.000000
-9151.000000
-8501.000000
-8404.000000
-9072.000000
-10846.000000
-11401.000000
-8008.000000
-2117.000000
3220.000000
3423.000000
-304.000000
-4633.000000
-5550.000000
-3396.000000
312.000000
2467.000000
3438.000000
3800.000000
4382.000000
4435.000000
3006.000000
371.000000
-1187.000000
-641.000000
1887.000000
3358.000000
4313.000000
3015.000000
2199.000000
1823.000000
1529.000000
1304.000000
1172.000000
2146.000000
4217.000000
5765.000000
5857.000000
4890.000000
3031.000000
2569.000000
2642.000000
3567.000000
4437.000000
5069.000000
5301.000000
5302.000000
3767.000000
1740.000000
-37.000000
345.000000
1115.000000
1199.000000
-280.000000
-2995.000000
-3831.000000
-3607.000000
-3970.000000
-5698.000000
-7797.000000
-8582.000000
-7738.000000
-7177.000000
-7104.000000
-8929.000000
-10033.000000
-8037.000000
-3600.000000
1285.000000
2728.000000
11.000000
-3217.000000
-4365.000000
-2865.000000
115.000000
1590.000000
1995.000000
2106.000000
2976.000000
3962.000000
3402.000000
1358.000000
-63.000000
-291.000000
1291.000000
2934.000000
2833.000000
2718.000000
1625.000000
2903.000000
3320.000000
2598.000000
1208.000000
991.000000
2372.000000
4953.000000
5708.000000
5337.000000
3760.000000
2540.000000
2867.000000
3249.000000
3705.000000
3986.000000
4155.000000
4600.000000
4253.000000
2311.000000
699.000000
86.000000
843.000000
1078.000000
403.000000
-2204.000000
-3828.000000
-3780.000000
-3153.000000
-3522.000000
-5286.000000
-7160.000000
-7410.000000
-7163.000000
-6737.000000
-7406.000000
-8723.000000
-8049.000000
-4996.000000
-1068.000000
1403.000000
591.000000
-1813.000000
-3155.000000
-2861.000000
-1138.000000
440.000000
965.000000
1415.000000
2235.000000
3389.000000
3652.000000
2380.000000
668.000000
53.000000
470.000000
2111.000000
3148.000000
3066.000000
2775.000000
2457.000000
2163.000000
1782.000000
1265.000000
1518.000000
2709.000000
4106.000000
5122.000000
4789.000000
3820.000000
2752.000000
2314.000000
2636.000000
3336.000000
3883.000000
4498.000000
4511.000000
3904.000000
2731.000000
1303.000000
53.000000
132.000000
1137.000000
1489.000000
589.000000
-1366.000000
-3605.000000
-4060.000000
-3656.000000
-3214.000000
-4197.000000
-5789.000000
-6370.000000
-5886.000000
-5600.000000
-6145.000000
-7955.000000
-8385.000000
-6530.000000
-3269.000000
-142.000000
875.000000
-757.000000
-2265.000000
-2495.000000
-1903.000000
-851.000000
-400.000000
523.000000
1686.000000
3040.000000
3575.000000
2701.000000
997.000000
272.000000
564.000000
1787.000000
2466.000000
2130.000000
1535.000000
1338.000000
1451.000000
3049.000000
3319.000000
2742.000000
1616.000000
1549.000000
2482.000000
3725.000000
4035.000000
3996.000000
3088.000000
2891.000000
3215.000000
3524.000000
3597.000000
3236.000000
3022.000000
3344.000000
2960.000000
2048.000000
841.000000
-58.000000
389.000000
1129.000000
1005.000000
-543.000000
-2559.000000
-3666.000000
-3371.000000
-3203.000000
-3247.000000
-4217.000000
-5051.000000
-5541.000000
-5664.000000
-6004.000000
-6578.000000
-7260.000000
-6361.000000
-4466.000000
-2138.000000
-451.000000
-513.000000
-1468.000000
-2299.000000
-2166.000000
-1326.000000
-388.000000
249.000000
1158.000000
1909.000000
2685.000000
2815.000000
2127.000000
1344.000000
1028.000000
1524.000000
2503.000000
2963.000000
2906.000000
2546.000000
2223.000000
2029.000000
1946.000000
1820.000000
2034.000000
2489.000000
3285.000000
3697.000000
3515.000000
2908.000000
2262.000000
1957.000000
2074.000000
2446.000000
2813.000000
2984.000000
2767.000000
2445.000000
1879.000000
1305.000000
512.000000
233.000000
352.000000
747.000000
488.000000
-448.000000
-1765.000000
-2483.000000
-2756.000000
-2921.000000
-3515.000000
-4247.000000
-4283.000000
-4039.000000
-4013.000000
-4973.000000
-5777.000000
-5947.000000
-5324.000000
-4817.000000
-3988.000000
-2894.000000
-1652.000000
-556.000000
-194.000000
-721.000000
-1602.000000
-1842.000000
-1030.000000
512.000000
1716.000000
2344.000000
2394.000000
2318.000000
2210.000000
1959.000000
1482.000000
1344.000000
1679.000000
2604.000000
3232.000000
3105.000000
2504.000000
1872.000000
1637.000000
1798.000000
2119.000000
2301.000000
2412.000000
2638.000000
3039.000000
2992.000000
2517.000000
1828.000000
1484.000000
1596.000000
2026.000000
2360.000000
2397.000000
2017.000000
1537.000000
966.000000
578.000000
457.000000
187.000000
201.000000
-200.000000
-979.000000
-1912.000000
-2394.000000
-2477.000000
-2818.000000
-3403.000000
-3496.000000
-3361.000000
-3660.000000
-4289.000000
-5102.000000
-5435.000000
-5045.000000
-4456.000000
-3894.000000
-3553.000000
-2651.000000
-1677.000000
-528.000000
-639.000000
-1237.000000
-1811.000000
-1332.000000
-154.000000
943.000000
1608.000000
1570.000000
1410.000000
1692.000000
2095.000000
1791.000000
1482.000000
1371.000000
2043.000000
2682.000000
2893.000000
2378.000000
1700.000000
1307.000000
1578.000000
1929.000000
2180.000000
2167.000000
2280.000000
2586.000000
2705.000000
2377.000000
1882.000000
1508.000000
1629.000000
2049.000000
2282.000000
2105.000000
1728.000000
1456.000000
1282.000000
938.000000
565.000000
460.000000
441.000000
329.000000
-8.000000
-920.000000
-2029.000000
-2583.000000
-2361.000000
-1781.000000
-2101.000000
-3040.000000
-3759.000000
-3912.000000
-3521.000000
-3381.000000
-3815.000000
-4391.000000
-4507.000000
-3978.000000
-3257.000000
-3180.000000
-2847.000000
-2271.000000
-1166.000000
-450.000000
-489.000000
-989.000000
-1235.000000
-1090.000000
114.000000
1053.000000
1460.000000
1400.000000
1320.000000
1639.000000
1790.000000
1726.000000
1543.000000
1434.000000
1603.000000
2162.000000
2275.000000
2250.000000
1786.000000
1712.000000
1835.000000
2047.000000
2032.000000
2090.000000
1989.000000
2165.000000
2230.000000
2231.000000
1915.000000
1607.000000
1533.000000
1670.000000
1693.000000
1661.000000
1525.000000
1353.000000
1040.000000
671.000000
530.000000
409.000000
204.000000
-70.000000
-347.000000
-769.000000
-1339.000000
-1971.000000
-1971.000000
-1837.000000
-1751.000000
-2420.000000
-2893.000000
-2902.000000
-2612.000000
-2679.000000
-3177.000000
-3792.000000
-3933.000000
-3335.000000
-2679.000000
-2402.000000
-2749.000000
-2758.000000
-2185.000000
-1117.000000
-534.000000
-755.000000
-1182.000000
-1141.000000
-361.000000
538.000000
982.000000
775.000000
648.000000
836.000000
1360.000000
1615.000000
1608.000000
1446.000000
1560.000000
1998.000000
2360.000000
2237.000000
1815.000000
1503.000000
1590.000000
1938.000000
2146.000000
2149.000000
1980.000000
1949.000000
2014.000000
2070.000000
1928.000000
1699.000000
1485.000000
1521.000000
1590.000000
1569.000000
1381.000000
1102.000000
909.000000
820.000000
807.000000
820.000000
694.000000
373.000000
-51.000000
-368.000000
-585.000000
-1079.000000
-1496.000000
-1628.000000
-1330.000000
-1181.000000
-1473.000000
-1950.000000
-2304.000000
-2592.000000
-2689.000000
-2774.000000
-2905.000000
-2873.000000
-2753.000000
-2393.000000
-2273.000000
-2588.000000
-2871.000000
-2878.000000
-2454.000000
-1873.000000
-1155.000000
-869.000000
-769.000000
-823.000000
-702.000000
-335.000000
-51.000000
253.000000
460.000000
839.000000
1142.000000
1588.000000
1688.000000
1675.000000
1364.000000
1473.000000
1674.000000
2002.000000
2059.000000
1978.000000
1788.000000
1803.000000
1870.000000
1924.000000
1811.000000
1579.000000
1511.000000
1597.000000
1779.000000
1742.000000
1558.000000
1263.000000
1129.000000
1031.000000
1009.000000
842.000000
746.000000
737.000000
888.000000
895.000000
655.000000
176.000000
-178.000000
-322.000000
-259.000000
-281.000000
-521.000000
-827.000000
-1129.000000
-1295.000000
-1507.000000
-1860.000000
-2138.000000
-2171.000000
-1954.000000
-1830.000000
-2055.000000
-2477.000000
-2902.000000
-3085.000000
-2879.000000
-2550.000000
-2344.000000
-2026.000000
-1900.000000
-1713.000000
-1716.000000
-1635.000000
-1485.000000
-1154.000000
-974.000000
-601.000000
-279.000000
12.000000
197.000000
405.000000
637.000000
734.000000
821.000000
879.000000
1029.000000
1158.000000
1432.000000
1619.000000
1697.000000
1466.000000
1373.000000
1363.000000
1521.000000
1625.000000
1745.000000
1745.000000
1719.000000
1633.000000
1588.000000
1467.000000
1320.000000
1301.000000
1377.000000
1481.000000
1435.000000
1324.000000
1118.000000
966.000000
794.000000
709.000000
609.000000
617.000000
608.000000
560.000000
329.000000
11.000000
-220.000000
-299.000000
-315.000000
-359.000000
-474.000000
-677.000000
-864.000000
-1037.000000
-1160.000000
-1339.000000
-1474.000000
-1452.000000
-1300.000000
-1147.000000
-1233.000000
-1610.000000
-1968.000000
-2285.000000
-2186.000000
-1684.000000
-1367.000000
-1260.000000
-1535.000000
-1762.000000
-1728.000000
-1569.000000
-1391.000000
-1325.000000
-1187.000000
-892.000000
-474.000000
-215.000000
-298.000000
-468.000000
-439.000000
-151.000000
319.000000
728.000000
881.000000
897.000000
781.000000
884.000000
1073.000000
1177.000000
1259.000000
1303.000000
1395.000000
1442.000000
1468.000000
1397.000000
1332.000000
1268.000000
1326.000000
1321.000000
1273.000000
1123.000000
1032.000000
967.000000
930.000000
891.000000
846.000000
759.000000
661.000000
606.000000
560.000000
545.000000
503.000000
501.000000
415.000000
312.000000
182.000000
99.000000
-25.000000
-134.000000
-225.000000
-252.000000
-317.000000
-376.000000
-485.000000
-618.000000
-806.000000
-989.000000
-1047.000000
-1065.000000
-1025.000000
-1078.000000
-1184.000000
-1233.000000
-1291.000000
-1254.000000
-1225.000000
-1205.000000
-1232.000000
-1189.000000
-1098.000000
-1035.000000
-991.000000
-1026.000000
-1002.000000
-873.000000
-579.000000
-423.000000
-458.000000
-615.000000
-618.000000
-427.000000
-123.000000
87.000000
96.000000
-133.000000
-254.000000
-169.000000
57.000000
236.000000
196.000000
199.000000
266.000000
353.000000
372.000000
360.000000
277.000000
326.000000
533.000000
742.000000
799.000000
722.000000
662.000000
689.000000
767.000000
800.000000
809.000000
750.000000
730.000000
787.000000
832.000000
752.000000
645.000000
562.000000
543.000000
539.000000
502.000000
414.000000
256.000000
151.000000
147.000000
205.000000
200.000000
88.000000
-72.000000
-188.000000
-249.000000
-243.000000
-242.000000
-295.000000
-375.000000
-421.000000
-401.000000
-405.000000
-432.000000
-471.000000
-499.000000
-492.000000
-524.000000
-582.000000
-669.000000
-664.000000
-614.000000
-531.000000
-499.000000
-551.000000
-682.000000
-834.000000
-882.000000
-820.000000
-657.000000
-551.000000
-457.000000
-421.000000
