# Frecuencia de muestreo: 8000 Hz
-31.000000
-33.000000
-42.000000
-43.000000
-39.000000
-32.000000
-22.000000
-16.000000
-17.000000
-13.000000
-7.000000
-1.000000
-4.000000
-9.000000
-7.000000
3.000000
9.000000
-1.000000
-15.000000
-15.000000
-12.000000
-8.000000
-8.000000
-15.000000
-23.000000
-22.000000
-13.000000
-17.000000
-20.000000
-19.000000
-18.000000
-20.000000
-11.000000
-2.000000
-7.000000
-9.000000
-4.000000
-4.000000
0.000000
15.000000
22.000000
21.000000
18.000000
12.000000
14.000000
28.000000
46.000000
44.000000
29.000000
15.000000
7.000000
10.000000
14.000000
16.000000
6.000000
-5.000000
-5.000000
1.000000
6.000000
3.000000
-2.000000
-2.000000
3.000000
5.000000
12.000000
21.000000
16.000000
11.000000
8.000000
0.000000
3.000000
12.000000
19.000000
22.000000
23.000000
24.000000
17.000000
16.000000
10.000000
12.000000
21.000000
22.000000
18.000000
13.000000
7.000000
4.000000
7.000000
4.000000
-8.000000
-11.000000
-4.000000
-4.000000
-1.000000
-4.000000
-7.000000
-4.000000
1.000000
4.000000
2.000000
-8.000000
-15.000000
-15.000000
-7.000000
-4.000000
-6.000000
-13.000000
-24.000000
-27.000000
-23.000000
-25.000000
-20.000000
-14.000000
-22.000000
-29.000000
-18.000000
-5.000000
-8.000000
-3.000000
-2.000000
-19.000000
-30.000000
-22.000000
-20.000000
-20.000000
-15.000000
-19.000000
-19.000000
-14.000000
-15.000000
-21.000000
-29.000000
-36.000000
-40.000000
-41.000000
-40.000000
-34.000000
-25.000000
-18.000000
-20.000000
-28.000000
-34.000000
-36.000000
-34.000000
-21.000000
-20.000000
-31.000000
-38.000000
-41.000000
-38.000000
-34.000000
-35.000000
-43.000000
-47.000000
-47.000000
-44.000000
-40.000000
-36.000000
-31.000000
-21.000000
-15.000000
-16.000000
-19.000000
-23.000000
-25.000000
-20.000000
-15.000000
-12.000000
-12.000000
-11.000000
-10.000000
-6.000000
-1.000000
3.000000
4.000000
3.000000
-2.000000
4.000000
2.000000
-5.000000
-13.000000
-24.000000
-31.000000
-23.000000
-20.000000
-22.000000
-24.000000
-18.000000
-22.000000
-20.000000
-13.000000
1.000000
4.000000
17.000000
6.000000
9.000000
9.000000
34.000000
35.000000
45.000000
13.000000
33.000000
123.000000
174.000000
390.000000
390.000000
631.000000
631.000000
846.000000
946.000000
1062.000000
1142.000000
1135.000000
1165.000000
1051.000000
1037.000000
806.000000
759.000000
470.000000
400.000000
143.000000
11.000000
-143.000000
-277.000000
-340.000000
-472.000000
-529.000000
-682.000000
-780.000000
-998.000000
-1202.000000
-1493.000000
-1804.000000
-2140.000000
-2414.000000
-2442.000000
-2538.000000
-2022.000000
-1833.000000
-977.000000
-465.000000
280.000000
879.000000
1244.000000
1549.000000
1522.000000
1469.000000
1018.000000
856.000000
204.000000
183.000000
-218.000000
-154.000000
-174.000000
-88.000000
124.000000
263.000000
527.000000
760.000000
1071.000000
1324.000000
1715.000000
1896.000000
2206.000000
2322.000000
2341.000000
2355.000000
1975.000000
1719.000000
1047.000000
557.000000
-125.000000
-594.000000
-1135.000000
-1483.000000
-1932.000000
-2237.000000
-2637.000000
-3067.000000
-3442.000000
-3934.000000
-3908.000000
-4133.000000
-3336.000000
-3041.000000
-1665.000000
-896.000000
504.000000
1402.000000
2335.000000
2828.000000
2939.000000
2794.000000
2019.000000
1532.000000
381.000000
-1.000000
-846.000000
-970.000000
-1190.000000
-1040.000000
-763.000000
-409.000000
-13.000000
282.000000
514.000000
530.000000
578.000000
545.000000
704.000000
1083.000000
1414.000000
2166.000000
2492.000000
3154.000000
3204.000000
3300.000000
2791.000000
2175.000000
1243.000000
333.000000
-483.000000
-1170.000000
-1481.000000
-1823.000000
-1635.000000
-1811.000000
-1591.000000
-1985.000000
-2253.000000
-3110.000000
-3705.000000
-4343.000000
-4733.000000
-4256.000000
-4048.000000
-2437.000000
-1594.000000
272.000000
1373.000000
2684.000000
3336.000000
3593.000000
3311.000000
2402.000000
1613.000000
140.000000
-344.000000
-1457.000000
-1445.000000
-1668.000000
-1285.000000
-747.000000
-177.000000
472.000000
887.000000
1142.000000
1114.000000
1004.000000
741.000000
697.000000
754.000000
1019.000000
1569.000000
2014.000000
2769.000000
3043.000000
3478.000000
3189.000000
2882.000000
2041.000000
1233.000000
336.000000
-405.000000
-923.000000
-1338.000000
-1366.000000
-1486.000000
-1210.000000
-1354.000000
-1304.000000
-2011.000000
-2640.000000
-3844.000000
-4516.000000
-5192.000000
-5180.000000
-4596.000000
-3943.000000
-2255.000000
-1190.000000
819.000000
1950.000000
3298.000000
3751.000000
3872.000000
3254.000000
2306.000000
1322.000000
48.000000
-457.000000
-1371.000000
-1278.000000
-1454.000000
-988.000000
-478.000000
71.000000
656.000000
975.000000
1165.000000
1078.000000
1068.000000
890.000000
1024.000000
1230.000000
1521.000000
2234.000000
2536.000000
3265.000000
3306.000000
3399.000000
2871.000000
2229.000000
1321.000000
492.000000
-255.000000
-894.000000
-1164.000000
-1532.000000
-1270.000000
-1334.000000
-885.000000
-1009.000000
-1113.000000
-1869.000000
-2829.000000
-4062.000000
-5183.000000
-5636.000000
-6078.000000
-5035.000000
-4478.000000
-2555.000000
-1040.000000
727.000000
2509.000000
3340.000000
4259.000000
3852.000000
3592.000000
2144.000000
1456.000000
-108.000000
-592.000000
-1356.000000
-1578.000000
-1247.000000
-1143.000000
-202.000000
127.000000
878.000000
1066.000000
1304.000000
1067.000000
911.000000
549.000000
386.000000
522.000000
683.000000
1411.000000
1912.000000
2671.000000
3174.000000
3346.000000
3366.000000
2804.000000
2328.000000
1471.000000
914.000000
153.000000
-161.000000
-438.000000
-192.000000
51.000000
452.000000
644.000000
439.000000
-82.000000
-1208.000000
-2613.000000
-4266.000000
-5928.000000
-7107.000000
-7835.000000
-7792.000000
-6758.000000
-5454.000000
-3029.000000
-1102.000000
1408.000000
2983.000000
4403.000000
4703.000000
4624.000000
3608.000000
2503.000000
1261.000000
23.000000
-497.000000
-1193.000000
-923.000000
-910.000000
-221.000000
181.000000
751.000000
857.000000
884.000000
515.000000
114.000000
-214.000000
-469.000000
-109.000000
380.000000
1409.000000
2519.000000
3569.000000
4539.000000
4848.000000
4867.000000
4073.000000
3100.000000
1800.000000
770.000000
-189.000000
-630.000000
-904.000000
-773.000000
-410.000000
-79.000000
309.000000
169.000000
-137.000000
-1151.000000
-2449.000000
-4141.000000
-5800.000000
-7320.000000
-7876.000000
-8211.000000
-6964.000000
-5824.000000
-3467.000000
-1368.000000
927.000000
2905.000000
4168.000000
4872.000000
4577.000000
3936.000000
2475.000000
1547.000000
22.000000
-426.000000
-1098.000000
-1012.000000
-754.000000
-317.000000
263.000000
627.000000
855.000000
769.000000
519.000000
51.000000
-221.000000
-472.000000
-233.000000
354.000000
1178.000000
2431.000000
3407.000000
4479.000000
4938.000000
4968.000000
4443.000000
3413.000000
2302.000000
1128.000000
328.000000
-291.000000
-373.000000
-479.000000
-10.000000
174.000000
625.000000
581.000000
346.000000
-402.000000
-1571.000000
-3101.000000
-4770.000000
-6450.000000
-7736.000000
-8163.000000
-8294.000000
-6898.000000
-5702.000000
-3283.000000
-1236.000000
975.000000
2832.000000
3955.000000
4549.000000
4322.000000
3731.000000
2524.000000
1655.000000
357.000000
-79.000000
-610.000000
-591.000000
-328.000000
-137.000000
322.000000
425.000000
543.000000
327.000000
72.000000
-382.000000
-476.000000
-529.000000
-173.000000
709.000000
1387.000000
2859.000000
3608.000000
4672.000000
4998.000000
4797.000000
4228.000000
3045.000000
1996.000000
841.000000
200.000000
-421.000000
-275.000000
-408.000000
197.000000
337.000000
679.000000
693.000000
220.000000
-382.000000
-1687.000000
-3118.000000
-4843.000000
-6398.000000
-7782.000000
-8140.000000
-8400.000000
-7132.000000
-5867.000000
-3745.000000
-1500.000000
439.000000
2420.000000
3523.000000
4229.000000
4111.000000
3615.000000
2468.000000
1661.000000
501.000000
-12.000000
-393.000000
-552.000000
-223.000000
-62.000000
351.000000
515.000000
518.000000
341.000000
59.000000
-295.000000
-455.000000
-519.000000
-318.000000
326.000000
1091.000000
2225.000000
3353.000000
4182.000000
4847.000000
4771.000000
4399.000000
3495.000000
2431.000000
1398.000000
591.000000
66.000000
-60.000000
1.000000
228.000000
590.000000
722.000000
845.000000
443.000000
-201.000000
-1316.000000
-2714.000000
-4332.000000
-5799.000000
-7287.000000
-7889.000000
-8177.000000
-7554.000000
-6086.000000
-4561.000000
-2128.000000
-329.000000
1730.000000
3068.000000
3984.000000
4152.000000
3880.000000
3021.000000
2065.000000
1217.000000
292.000000
97.000000
-315.000000
-75.000000
65.000000
281.000000
504.000000
450.000000
284.000000
-4.000000
-351.000000
-643.000000
-668.000000
-579.000000
-103.000000
648.000000
1500.000000
2675.000000
3560.000000
4366.000000
4732.000000
4531.000000
4013.000000
3066.000000
2100.000000
1209.000000
611.000000
220.000000
260.000000
299.000000
617.000000
788.000000
855.000000
735.000000
160.000000
-623.000000
-1842.000000
-3218.000000
-4775.000000
-6098.000000
-7383.000000
-7725.000000
-7881.000000
-6975.000000
-5588.000000
-3970.000000
-1734.000000
-79.000000
1779.000000
2861.000000
3618.000000
3665.000000
3377.000000
2526.000000
1729.000000
950.000000
263.000000
171.000000
-115.000000
142.000000
186.000000
277.000000
335.000000
153.000000
-43.000000
-360.000000
-652.000000
-821.000000
-725.000000
-505.000000
73.000000
867.000000
1761.000000
2858.000000
3650.000000
4306.000000
4482.000000
4218.000000
3599.000000
2691.000000
1755.000000
987.000000
491.000000
241.000000
316.000000
352.000000
574.000000
640.000000
620.000000
377.000000
-224.000000
-1095.000000
-2247.000000
-3604.000000
-4970.000000
-6171.000000
-7213.000000
-7404.000000
-7445.000000
-6397.000000
-5140.000000
-3461.000000
-1486.000000
109.000000
1796.000000
2795.000000
3478.000000
3472.000000
3198.000000
2378.000000
1752.000000
1015.000000
494.000000
354.000000
82.000000
262.000000
213.000000
257.000000
209.000000
11.000000
-183.000000
-427.000000
-632.000000
-707.000000
-513.000000
-237.000000
476.000000
1211.000000
2110.000000
3052.000000
3659.000000
4214.000000
4197.000000
3941.000000
3267.000000
2474.000000
1632.000000
1030.000000
627.000000
511.000000
597.000000
649.000000
865.000000
800.000000
737.000000
344.000000
-253.000000
-1158.000000
-2285.000000
-3594.000000
-4845.000000
-5980.000000
-6779.000000
-6884.000000
-6769.000000
-5653.000000
-4490.000000
-2784.000000
-1006.000000
529.000000
2042.000000
2919.000000
3458.000000
3406.000000
3106.000000
2366.000000
1833.000000
1156.000000
797.000000
654.000000
448.000000
597.000000
466.000000
470.000000
365.000000
166.000000
-57.000000
-278.000000
-455.000000
-425.000000
-201.000000
183.000000
829.000000
1494.000000
2327.000000
3076.000000
3706.000000
4069.000000
4106.000000
3784.000000
3193.000000
2494.000000
1741.000000
1245.000000
884.000000
808.000000
839.000000
911.000000
937.000000
854.000000
653.000000
230.000000
-367.000000
-1283.000000
-2320.000000
-3617.000000
-4772.000000
-5845.000000
-6639.000000
-6763.000000
-6708.000000
-5728.000000
-4659.000000
-3103.000000
-1493.000000
-78.000000
1306.000000
2155.000000
2732.000000
2739.000000
2536.000000
1852.000000
1391.000000
768.000000
395.000000
260.000000
28.000000
108.000000
-35.000000
-63.000000
-201.000000
-361.000000
-525.000000
-673.000000
-769.000000
-749.000000
-488.000000
-178.000000
481.000000
1065.000000
1798.000000
2475.000000
2963.000000
3389.000000
3390.000000
3241.000000
2708.000000
2146.000000
1494.000000
1051.000000
739.000000
665.000000
711.000000
712.000000
784.000000
628.000000
501.000000
95.000000
-428.000000
-1222.000000
-2188.000000
-3326.000000
-4493.000000
-5515.000000
-6357.000000
-6540.000000
-6519.000000
-5688.000000
-4607.000000
-3203.000000
-1532.000000
-162.000000
1226.000000
2098.000000
2667.000000
2777.000000
2609.000000
2069.000000
1570.000000
1042.000000
614.000000
507.000000
287.000000
332.000000
230.000000
144.000000
74.000000
-124.000000
-287.000000
-444.000000
-557.000000
-529.000000
-286.000000
37.000000
582.000000
1176.000000
1782.000000
2434.000000
2805.000000
3126.000000
3149.000000
2933.000000
2600.000000
2087.000000
1608.000000
1240.000000
1052.000000
1043.000000
1204.000000
1304.000000
1398.000000
1319.000000
1106.000000
811.000000
277.000000
-321.000000
-1128.000000
-2026.000000
-3006.000000
-3970.000000
-4874.000000
-5552.000000
-5741.000000
-5716.000000
-4964.000000
-4114.000000
-2842.000000
-1467.000000
-236.000000
1043.000000
1847.000000
2473.000000
2664.000000
2657.000000
2239.000000
1862.000000
1312.000000
886.000000
660.000000
403.000000
433.000000
304.000000
293.000000
235.000000
165.000000
111.000000
72.000000
58.000000
103.000000
291.000000
500.000000
915.000000
1340.000000
1835.000000
2352.000000
2706.000000
2975.000000
2976.000000
2795.000000
2389.000000
1942.000000
1463.000000
1095.000000
865.000000
774.000000
891.000000
1004.000000
1172.000000
1163.000000
1054.000000
788.000000
389.000000
-125.000000
-807.000000
-1605.000000
-2550.000000
-3485.000000
-4340.000000
-5104.000000
-5435.000000
-5544.000000
-5152.000000
-4410.000000
-3455.000000
-2175.000000
-1033.000000
156.000000
1088.000000
1763.000000
2089.000000
2196.000000
1945.000000
1608.000000
1240.000000
793.000000
585.000000
347.000000
331.000000
346.000000
376.000000
404.000000
371.000000
300.000000
242.000000
204.000000
165.000000
261.000000
364.000000
610.000000
966.000000
1354.000000
1826.000000
2206.000000
2495.000000
2580.000000
2496.000000
2196.000000
1808.000000
1363.000000
969.000000
715.000000
558.000000
630.000000
776.000000
1041.000000
1234.000000
1325.000000
1249.000000
999.000000
616.000000
76.000000
-571.000000
-1355.000000
-2186.000000
-3075.000000
-3855.000000
-4581.000000
-4959.000000
-5093.000000
-4873.000000
-4268.000000
-3499.000000
-2391.000000
-1348.000000
-254.000000
640.000000
1300.000000
1676.000000
1825.000000
1716.000000
1441.000000
1173.000000
795.000000
641.000000
481.000000
474.000000
528.000000
567.000000
634.000000
635.000000
607.000000
551.000000
503.000000
433.000000
493.000000
576.000000
767.000000
1082.000000
1409.000000
1782.000000
2056.000000
2223.000000
2218.000000
2050.000000
1704.000000
1303.000000
879.000000
542.000000
365.000000
329.000000
523.000000
797.000000
1165.000000
1511.000000
1765.000000
1824.000000
1702.000000
1362.000000
870.000000
304.000000
-389.000000
-1096.000000
-1867.000000
-2645.000000
-3377.000000
-4087.000000
-4558.000000
-4839.000000
-4806.000000
-4444.000000
-3854.000000
-3027.000000
-2085.000000
-1079.000000
-169.000000
633.000000
1156.000000
1488.000000
1553.000000
1467.000000
1273.000000
982.000000
778.000000
610.000000
559.000000
583.000000
671.000000
729.000000
805.000000
823.000000
805.000000
782.000000
738.000000
717.000000
726.000000
798.000000
983.000000
1189.000000
1447.000000
1639.000000
1714.000000
1695.000000
1467.000000
1154.000000
753.000000
363.000000
27.000000
-127.000000
-159.000000
34.000000
364.000000
785.000000
1244.000000
1556.000000
1770.000000
1744.000000
1553.000000
1199.000000
733.000000
139.000000
-478.000000
-1159.000000
-1848.000000
-2531.000000
-3230.000000
-3885.000000
-4424.000000
-4783.000000
-4906.000000
-4769.000000
-4373.000000
-3693.000000
-2880.000000
-1918.000000
-973.000000
-107.000000
574.000000
1079.000000
1325.000000
1403.000000
1326.000000
1160.000000
983.000000
814.000000
752.000000
740.000000
823.000000
909.000000
1027.000000
1089.000000
1131.000000
1096.000000
1018.000000
939.000000
842.000000
827.000000
877.000000
984.000000
1119.000000
1216.000000
1271.000000
1186.000000
997.000000
706.000000
369.000000
45.000000
-180.000000
-296.000000
-256.000000
-26.000000
318.000000
813.000000
1287.000000
1734.000000
2030.000000
2157.000000
2069.000000
1816.000000
1420.000000
928.000000
375.000000
-233.000000
-818.000000
-1433.000000
-2020.000000
-2650.000000
-3274.000000
-3891.000000
-4395.000000
-4782.000000
-4911.000000
-4761.000000
-4321.000000
-3598.000000
-2730.000000
-1726.000000
-745.000000
165.000000
879.000000
1389.000000
1629.000000
1673.000000
1581.000000
1429.000000
1294.000000
1173.000000
1166.000000
1224.000000
1340.000000
1471.000000
1576.000000
1629.000000
1615.000000
1537.000000
1383.000000
1251.000000
1113.000000
1069.000000
1051.000000
1028.000000
1013.000000
916.000000
846.000000
663.000000
467.000000
196.000000
-59.000000
-295.000000
-379.000000
-336.000000
-150.000000
212.000000
603.000000
1076.000000
1466.000000
1830.000000
2046.000000
2133.000000
2010.000000
1735.000000
1328.000000
864.000000
368.000000
-162.000000
-642.000000
-1176.000000
-1694.000000
-2221.000000
-2784.000000
-3328.000000
-3866.000000
-4311.000000
-4632.000000
-4708.000000
-4507.000000
-4034.000000
-3296.000000
-2426.000000
-1451.000000
-530.000000
366.000000
1019.000000
1490.000000
1698.000000
1733.000000
1667.000000
1542.000000
1482.000000
1449.000000
1544.000000
1656.000000
1854.000000
1985.000000
2107.000000
2137.000000
2104.000000
1984.000000
1784.000000
1574.000000
1337.000000
1167.000000
978.000000
873.000000
750.000000
628.000000
489.000000
312.000000
136.000000
-60.000000
-204.000000
-323.000000
-336.000000
-256.000000
-16.000000
297.000000
675.000000
1077.000000
1433.000000
1761.000000
1948.000000
1988.000000
1815.000000
1512.000000
1088.000000
645.000000
187.000000
-276.000000
-730.000000
-1179.000000
-1575.000000
-1993.000000
-2383.000000
-2818.000000
-3240.000000
-3672.000000
-4029.000000
-4289.000000
-4368.000000
-4214.000000
-3880.000000
-3338.000000
-2703.000000
-1975.000000
-1256.000000
-536.000000
42.000000
504.000000
819.000000
1012.000000
1143.000000
1220.000000
1326.000000
1453.000000
1624.000000
1778.000000
1944.000000
2068.000000
2164.000000
2174.000000
2097.000000
1963.000000
1762.000000
1536.000000
1290.000000
1067.000000
853.000000
669.000000
482.000000
301.000000
110.000000
-71.000000
-224.000000
-358.000000
-418.000000
-439.000000
-355.000000
-195.000000
42.000000
318.000000
614.000000
902.000000
1151.000000
1322.000000
1362.000000
1290.000000
1109.000000
900.000000
651.000000
402.000000
137.000000
-150.000000
-423.000000
-693.000000
-955.000000
-1246.000000
-1519.000000
-1859.000000
-2210.000000
-2535.000000
-2774.000000
-2920.000000
-2950.000000
-2840.000000
-2654.000000
-2371.000000
-2007.000000
-1564.000000
-1103.000000
-624.000000
-188.000000
192.000000
509.000000
760.000000
991.000000
1213.000000
1398.000000
1634.000000
1864.000000
2111.000000
2274.000000
2392.000000
2411.000000
2352.000000
2241.000000
2080.000000
1887.000000
1640.000000
1427.000000
1177.000000
1018.000000
837.000000
706.000000
537.000000
369.000000
197.000000
48.000000
-56.000000
-97.000000
-62.000000
3.000000
152.000000
314.000000
518.000000
692.000000
849.000000
972.000000
1024.000000
1046.000000
998.000000
887.000000
752.000000
643.000000
544.000000
487.000000
401.000000
247.000000
57.000000
-194.000000
-480.000000
-811.000000
-1156.000000
-1513.000000
-1829.000000
-2082.000000
-2253.000000
-2353.000000
-2396.000000
-2400.000000
-2364.000000
-2300.000000
-2217.000000
-2085.000000
-1925.000000
-1740.000000
-1505.000000
-1238.000000
-943.000000
-651.000000
-338.000000
-71.000000
180.000000
363.000000
496.000000
593.000000
643.000000
666.000000
667.000000
649.000000
605.000000
580.000000
531.000000
497.000000
438.000000
386.000000
298.000000
206.000000
101.000000
-16.000000
-122.000000
-226.000000
-319.000000
-377.000000
-388.000000
-373.000000
-314.000000
-209.000000
-80.000000
93.000000
251.000000
416.000000
566.000000
683.000000
742.000000
752.000000
746.000000
707.000000
660.000000
590.000000
492.000000
380.000000
288.000000
191.000000
44.000000
-144.000000
-354.000000
-545.000000
-701.000000
-846.000000
-977.000000
-1122.000000
-1238.000000
-1322.000000
-1344.000000
-1322.000000
-1320.000000
-1339.000000
-1310.000000
-1226.000000
-1161.000000
-1076.000000
-1022.000000
-949.000000
-877.000000
-791.000000
-701.000000
-637.000000
-556.000000
-466.000000
-364.000000
-281.000000
-182.000000
-99.000000
-17.000000
38.000000
66.000000
106.000000
130.000000
153.000000
165.000000
188.000000
203.000000
209.000000
215.000000
226.000000
240.000000
256.000000
269.000000
257.000000
255.000000
254.000000
267.000000
299.000000
360.000000
405.000000
428.000000
464.000000
492.000000
523.000000
552.000000
563.000000
532.000000
502.000000
461.000000
416.000000
390.000000
354.000000
313.000000
273.000000
237.000000
186.000000
150.000000
126.000000
92.000000
55.000000
5.000000
-37.000000
-79.000000
-103.000000
-118.000000
-148.000000
-167.000000
-154.000000
-124.000000
-91.000000
-55.000000
-19.000000
-5.000000
10.000000
24.000000
29.000000
34.000000
47.000000
53.000000
88.000000
128.000000
171.000000
212.000000
259.000000
300.000000
315.000000
349.000000
406.000000
458.000000
507.000000
532.000000
524.000000
518.000000
533.000000
555.000000
569.000000
551.000000
514.000000
498.000000
517.000000
567.000000
598.000000
611.000000
601.000000
591.000000
600.000000
615.000000
593.000000
547.000000
502.000000
455.000000
430.000000
407.000000
364.000000
324.000000
292.000000
253.000000
237.000000
237.000000
225.000000
207.000000
195.000000
189.000000
182.000000
181.000000
185.000000
179.000000
188.000000
194.000000
207.000000
223.000000
223.000000
215.000000
203.000000
193.000000
158.000000
129.000000
94.000000
43.000000
-7.000000
-40.000000
-93.000000
-159.000000
-222.000000
-289.000000
-364.000000
-442.000000
-508.000000
-551.000000
-580.000000
-603.000000
-621.000000
-630.000000
-610.000000
-581.000000
-552.000000
-514.000000
-500.000000
-474.000000
-426.000000
-379.000000
-325.000000
-265.000000
-206.000000
-156.000000
-91.000000
-38.000000
-4.000000
28.000000
48.000000
61.000000
86.000000
110.000000
106.000000
114.000000
144.000000
181.000000
192.000000
208.000000
233.000000
244.000000
258.000000
296.000000
318.000000
337.000000
373.000000
395.000000
408.000000
418.000000
429.000000
451.000000
466.000000
468.000000
483.000000
506.000000
541.000000
551.000000
559.000000
569.000000
580.000000
599.000000
603.000000
592.000000
571.000000
536.000000
486.000000
447.000000
383.000000
312.000000
274.000000
246.000000
194.000000
145.000000
117.000000
84.000000
55.000000
37.000000
-3.000000
-57.000000
-98.000000
-141.000000
-187.000000
-223.000000
-249.000000
-267.000000
-282.000000
-273.000000
-264.000000
-248.000000
-216.000000
-195.000000
-189.000000
-178.000000
-156.000000
-148.000000
-144.000000
-110.000000
-67.000000
-46.000000
-3.000000
33.000000
83.000000
132.000000
170.000000
217.000000
240.000000
250.000000
270.000000
267.000000
256.000000
257.000000
268.000000
302.000000
316.000000
327.000000
320.000000
310.000000
322.000000
326.000000
334.000000
344.000000
349.000000
352.000000
357.000000
373.000000
378.000000
372.000000
369.000000
353.000000
326.000000
309.000000
287.000000
261.000000
228.000000
194.000000
186.000000
177.000000
161.000000
149.000000
131.000000
115.000000
88.000000
62.000000
35.000000
-20.000000
-62.000000
-76.000000
-95.000000
-125.000000
-168.000000
-193.000000
-218.000000
-255.000000
-272.000000
-298.000000
-344.000000
-379.000000
-407.000000
-452.000000
-494.000000
-535.000000
-570.000000
-578.000000
-586.000000
-588.000000
-581.000000
-543.000000
-519.000000
-493.000000
-457.000000
-439.000000
-429.000000
-405.000000
-366.000000
-330.000000
-286.000000
-264.000000
-246.000000
-226.000000
-182.000000
-136.000000
-91.000000
-68.000000
-89.000000
-94.000000
-88.000000
-77.000000
-66.000000
-82.000000
-115.000000
-146.000000
-160.000000
-147.000000
-149.000000
-170.000000
-209.000000
-237.000000
-231.000000
-212.000000
-200.000000
-199.000000
-202.000000
-208.000000
-206.000000
-192.000000
-194.000000
-218.000000
-228.000000
-226.000000
-230.000000
-222.000000
-214.000000
-220.000000
-227.000000
-234.000000
-253.000000
-259.000000
-268.000000
-296.000000
-312.000000
-324.000000
-346.000000
-348.000000
-324.000000
-313.000000
-318.000000
-310.000000
-285.000000
-282.000000
-276.000000
-258.000000
-245.000000
-233.000000
-209.000000
-199.000000
-201.000000
-184.000000
-170.000000
-155.000000
-141.000000
-150.000000
-162.000000
-159.000000
-146.000000
-148.000000
-156.000000
-159.000000
-180.000000
-195.000000
-190.000000
-176.000000
-184.000000
-196.000000
-198.000000
-206.000000
-198.000000
-185.000000
-165.000000
-169.000000
-156.000000
-140.000000
-111.000000
-76.000000
-57.000000
-53.000000
-62.000000
-53.000000
-37.000000
-29.000000
-30.000000
-48.000000
-72.000000
-82.000000
-86.000000
-90.000000
-110.000000
-136.000000
-153.000000
-165.000000
-175.000000
-191.000000
-208.000000
-238.000000
-269.000000
-281.000000
-280.000000
-299.000000
-305.000000
-292.000000
-289.000000
-287.000000
-279.000000
-272.000000
-250.000000
-221.000000
-217.000000
-213.000000
-208.000000
-201.000000
-179.000000
-150.000000
-144.000000
-142.000000
-126.000000
-105.000000
-100.000000
-100.000000
-93.000000
-107.000000
-121.000000
-118.000000
-118.000000
-129.000000
-138.000000
-156.000000
-167.000000
-166.000000
-170.000000
-174.000000
-161.000000
-147.000000
-147.000000
-144.000000
-139.000000
-133.000000
-123.000000
-93.000000
-72.000000
-63.000000
-66.000000
-70.000000
-65.000000
-48.000000
-34.000000
-32.000000
-37.000000
-75.000000
-112.000000
-116.000000
-127.000000
-168.000000
-204.000000
-245.000000
-277.000000
-304.000000
-325.000000
-350.000000
-406.000000
-450.000000
-465.000000
-477.000000
-479.000000
-486.000000
-504.000000
-512.000000
-511.000000
-516.000000
-511.000000
-495.000000
-471.000000
-461.000000
-447.000000
-440.000000
-467.000000
-461.000000
-445.000000
-445.000000
-456.000000
-463.000000
-469.000000
-455.000000
-433.000000
-408.000000
-418.000000
-418.000000
-431.000000
-431.000000
-417.000000
-423.000000
-433.000000
-434.000000
-411.000000
-385.000000
-360.000000
-341.000000
-337.000000
-328.000000
-299.000000
-269.000000
-245.000000
-215.000000
-191.000000
-156.000000
-115.000000
-94.000000
-72.000000
-41.000000
-17.000000
-8.000000
15.000000
39.000000
41.000000
53.000000
75.000000
91.000000
100.000000
99.000000
84.000000
93.000000
108.000000
116.000000
126.000000
131.000000
132.000000
143.000000
168.000000
174.000000
179.000000
201.000000
232.000000
273.000000
296.000000
310.000000
327.000000
341.000000
357.000000
381.000000
387.000000
385.000000
387.000000
392.000000
397.000000
412.000000
438.000000
436.000000
439.000000
437.000000
424.000000
417.000000
405.000000
362.000000
329.000000
306.000000
277.000000
269.000000
266.000000
260.000000
248.000000
230.000000
223.000000
227.000000
228.000000
225.000000
224.000000
217.000000
202.000000
195.000000
193.000000
197.000000
197.000000
187.000000
176.000000
164.000000
143.000000
129.000000
108.000000
67.000000
15.000000
-33.000000
-54.000000
-70.000000
-82.000000
-101.000000
-132.000000
-163.000000
-183.000000
-196.000000
-208.000000
-236.000000
-250.000000
-252.000000
-268.000000
-282.000000
-278.000000
-268.000000
-240.000000
-215.000000
-203.000000
-184.000000
-155.000000
-125.000000
-101.000000
-85.000000
-85.000000
-95.000000
-90.000000
-72.000000
-53.000000
-42.000000
-46.000000
-42.000000
-32.000000
-19.000000
-9.000000
-1.000000
9.000000
24.000000
44.000000
63.000000
74.000000
95.000000
119.000000
148.000000
175.000000
187.000000
215.000000
236.000000
251.000000
276.000000
300.000000
306.000000
304.000000
305.000000
299.000000
296.000000
296.000000
294.000000
283.000000
272.000000
267.000000
265.000000
251.000000
242.000000
242.000000
242.000000
245.000000
239.000000
230.000000
220.000000
213.000000
217.000000
224.000000
228.000000
225.000000
230.000000
250.000000
268.000000
294.000000
317.000000
318.000000
324.000000
337.000000
328.000000
318.000000
309.000000
291.000000
264.000000
256.000000
233.000000
195.000000
149.000000
97.000000
59.000000
32.000000
12.000000
-12.000000
-33.000000
-64.000000
-91.000000
-108.000000
-127.000000
-139.000000
-134.000000
-130.000000
-139.000000
-142.000000
-125.000000
-106.000000
-90.000000
-89.000000
-97.000000
-106.000000
-108.000000
-100.000000
-87.000000
-80.000000
-70.000000
-52.000000
-39.000000
-34.000000
-28.000000
-31.000000
-42.000000
-53.000000
-59.000000
-67.000000
-73.000000
-65.000000
-62.000000
-62.000000
-63.000000
-51.000000
-27.000000
2.000000
16.000000
18.000000
33.000000
56.000000
91.000000
131.000000
151.000000
170.000000
189.000000
213.000000
248.000000
285.000000
315.000000
329.000000
340.000000
353.000000
367.000000
377.000000
383.000000
390.000000
401.000000
397.000000
392.000000
388.000000
383.000000
377.000000
367.000000
359.000000
343.000000
332.000000
323.000000
306.000000
277.000000
247.000000
224.000000
209.000000
